ABE,G4,1839,8.29,0.63,1.63,-3.67,1
ABE,9E,1017,9.29,0.66,1.38,-2.67,2
ABE,OH,1166,15.35,4.38,1.29,3.39,3
ABE,OO,315,29.46,21.17,3.81,17.5,4
ABI,MQ,1757,7.25,4.37,0.85,0.0,1
ABQ,DL,1547,1.73,-5.54,0.9,-7.66,1
ABQ,OO,3987,2.09,-2.04,0.45,-7.3,2
ABQ,MQ,907,5.25,3.23,0.66,-4.14,3
ABQ,UA,1822,5.44,-0.32,1.04,-3.95,4
ABQ,AS,423,8.34,4.47,0.95,-1.05,5
ABQ,NK,525,8.98,5.15,1.14,-0.41,6
ABQ,WN,11610,10.42,4.32,0.53,1.03,7
ABQ,AA,3016,19.63,16.8,2.09,10.24,8
ABQ,B6,255,48.0,44.22,1.96,38.61,9
ABR,OO,728,19.14,10.63,0.82,0.0,1
ABY,9E,38,9.53,4.37,0.0,-7.55,1
ABY,OO,727,17.47,16.34,0.96,0.39,2
ACK,B6,1007,12.53,8.1,3.87,-0.87,1
ACK,YX,619,13.81,13.95,8.4,0.41,2
ACK,MQ,22,21.82,22.68,0.0,8.42,3
ACK,OO,27,29.41,17.37,3.7,16.01,4
ACT,OO,750,13.79,13.71,2.67,-1.34,1
ACT,MQ,337,18.09,17.63,2.08,2.96,2
ACV,OO,1737,19.44,17.6,1.9,0.0,1
ACY,NK,3052,8.72,1.72,1.83,0.0,1
ADK,AS,104,-5.6,-6.31,7.69,0.0,1
ADQ,AS,816,2.6,1.32,2.08,0.0,1
AEX,9E,878,14.41,9.5,1.03,-2.15,1
AEX,OO,1055,17.63,13.23,2.27,1.07,2
AEX,MQ,33,39.67,39.12,0.0,23.11,3
AGS,MQ,192,7.93,0.39,2.6,-9.32,1
AGS,YX,31,9.94,-0.71,0.0,-7.31,2
AGS,9E,1603,12.22,6.82,2.06,-5.03,3
AGS,DL,168,17.85,12.74,0.0,0.6,4
AGS,OH,1573,20.67,19.18,2.73,3.42,5
AGS,OO,432,26.89,20.39,1.16,9.64,6
AGS,AA,23,36.48,34.35,0.0,19.23,7
AKN,AS,178,-6.43,-3.25,0.56,0.0,1
ALB,MQ,186,2.77,0.95,0.0,-10.03,1
ALB,YX,332,3.19,-2.15,1.51,-9.61,2
ALB,9E,1089,4.66,-4.3,1.93,-8.14,3
ALB,UA,745,5.88,2.16,1.21,-6.92,4
ALB,OO,834,9.52,4.0,0.24,-3.28,5
ALB,WN,3532,11.38,3.78,0.91,-1.42,6
ALB,DL,1352,13.17,3.7,1.41,0.37,7
ALB,OH,1167,16.69,13.16,3.08,3.89,8
ALB,B6,779,18.21,12.77,1.28,5.41,9
ALB,AA,1453,20.35,13.65,0.83,7.55,10
ALB,G4,573,24.3,15.32,1.4,11.5,11
ALW,OO,544,0.19,2.72,3.31,0.0,1
AMA,WN,1941,7.1,0.94,0.52,-2.06,1
AMA,MQ,2070,7.66,5.44,1.69,-1.5,2
AMA,OO,870,14.3,11.58,1.72,5.14,3
AMA,AA,205,22.07,21.29,2.44,12.91,4
ANC,AS,14279,3.7,0.97,1.63,-2.45,1
ANC,UA,1294,11.35,0.66,1.85,5.2,2
ANC,DL,2468,11.69,1.72,0.73,5.54,3
ANC,AA,502,35.43,22.88,0.4,29.28,4
APN,OO,629,15.53,9.48,3.18,0.0,1
ASE,OO,7888,24.51,19.1,6.54,0.0,1
ATL,9E,26877,6.54,2.42,1.09,-4.45,1
ATL,YX,1233,8.69,5.98,1.78,-2.3,2
ATL,AS,1440,9.03,3.98,2.01,-1.96,3
ATL,DL,227628,9.17,5.29,0.86,-1.82,4
ATL,WN,33394,12.56,6.51,0.66,1.57,5
ATL,UA,7346,12.75,7.34,1.63,1.76,6
ATL,MQ,666,17.52,14.84,1.95,6.53,7
ATL,OH,2486,19.0,15.48,1.61,8.01,8
ATL,NK,10205,19.99,13.04,1.71,9.0,9
ATL,OO,8235,20.73,17.28,0.77,9.74,10
ATL,AA,7717,22.02,17.9,1.72,11.03,11
ATL,B6,3007,22.19,17.29,1.56,11.2,12
ATL,F9,11676,24.66,20.22,2.49,13.67,13
ATW,G4,1318,7.39,0.28,1.97,-8.01,1
ATW,DL,325,10.7,2.72,0.92,-4.7,2
ATW,9E,176,10.79,9.34,0.0,-4.61,3
ATW,MQ,753,13.52,6.74,1.33,-1.88,4
ATW,OO,3687,19.28,15.66,2.06,3.88,5
AUS,YX,121,2.12,-3.23,0.0,-12.48,1
AUS,OH,25,9.28,0.04,0.0,-5.32,2
AUS,UA,9568,10.42,4.53,1.38,-4.18,3
AUS,AS,2837,10.86,8.07,2.57,-3.74,4
AUS,WN,37521,11.69,5.58,0.64,-2.91,5
AUS,MQ,2281,12.87,10.79,1.45,-1.73,6
AUS,DL,11200,14.0,6.76,0.83,-0.6,7
AUS,9E,379,15.21,14.07,0.53,0.61,8
AUS,NK,1091,18.33,10.92,2.47,3.73,9
AUS,G4,1102,20.18,16.53,1.91,5.58,10
AUS,OO,3696,21.5,16.92,0.32,6.9,11
AUS,AA,13859,22.66,19.18,1.49,8.06,12
AUS,F9,705,24.61,20.53,1.7,10.01,13
AUS,HA,166,31.95,36.4,0.6,17.35,14
AUS,B6,793,32.78,23.8,1.01,18.18,15
AVL,YX,1129,7.8,2.32,4.43,-7.84,1
AVL,9E,675,10.17,1.87,2.07,-5.47,2
AVL,UA,188,10.93,5.8,3.19,-4.71,3
AVL,OH,2075,11.48,10.83,2.84,-4.16,4
AVL,DL,2268,11.95,3.4,2.51,-3.69,5
AVL,OO,724,15.64,12.85,4.01,0.0,6
AVL,G4,3270,17.36,13.89,3.15,1.72,7
AVL,MQ,1181,22.1,19.26,2.71,6.46,8
AVL,B6,83,24.98,23.39,1.2,9.34,9
AVL,AA,489,49.3,43.59,5.32,33.66,10
AVP,MQ,484,15.04,10.51,1.24,-4.48,1
AVP,AA,825,18.37,13.33,1.09,-1.15,2
AVP,OH,239,24.9,11.15,1.26,5.38,3
AVP,OO,44,61.18,50.07,4.55,41.66,4
AZA,G4,5884,4.4,-0.95,0.71,0.0,1
AZO,9E,14,2.64,-2.93,0.0,-8.28,1
AZO,OO,991,11.03,5.55,1.61,0.11,2
BDL,YX,513,-1.15,-7.97,0.39,-13.3,1
BDL,MQ,560,5.31,1.66,1.43,-6.84,2
BDL,UA,2195,6.16,1.51,1.32,-5.99,3
BDL,9E,366,7.07,1.5,3.01,-5.08,4
BDL,DL,4022,7.41,-0.29,0.8,-4.74,5
BDL,NK,596,9.29,5.53,1.85,-2.86,6
BDL,WN,4104,10.61,2.77,0.66,-1.54,7
BDL,B6,3385,14.79,7.57,1.36,2.64,8
BDL,AA,3974,15.11,9.89,1.64,2.96,9
BDL,OH,1489,17.34,12.27,2.55,5.19,10
BDL,OO,69,18.36,18.32,1.45,6.21,11
BDL,F9,1029,35.41,30.27,2.92,23.26,12
BET,AS,726,8.32,11.9,1.1,0.0,1
BFF,OO,627,9.7,8.91,2.71,0.0,1
BFL,MQ,338,1.46,-4.2,0.3,-5.47,1
BFL,OO,1421,4.92,-1.49,0.42,-2.01,2
BFL,AA,922,12.03,7.48,1.08,5.1,3
BGM,9E,367,12.65,7.01,3.27,0.0,1
BGR,9E,1262,2.46,-5.91,4.04,-8.76,1
BGR,YX,1015,9.68,3.1,4.63,-1.54,2
BGR,OH,811,10.46,-0.08,3.08,-0.76,3
BGR,MQ,249,11.71,12.39,1.61,0.49,4
BGR,OO,156,15.37,14.53,0.64,4.15,5
BGR,G4,535,18.27,3.88,2.8,7.05,6
BGR,AA,608,25.54,24.36,1.97,14.32,7
BHM,UA,4,-4.25,-11.5,0.0,-15.81,1
BHM,YX,385,-1.19,-3.82,1.04,-12.75,2
BHM,DL,2922,6.22,1.17,0.89,-5.34,3
BHM,9E,1115,6.64,-0.64,3.5,-4.92,4
BHM,MQ,2463,9.43,6.11,1.02,-2.13,5
BHM,NK,73,10.16,11.7,0.0,-1.4,6
BHM,WN,4303,12.32,7.32,0.84,0.76,7
BHM,OO,1597,14.28,9.94,0.88,2.72,8
BHM,OH,3980,14.89,11.12,1.48,3.33,9
BHM,AA,391,38.53,36.85,1.53,26.97,10
BIH,OO,274,18.42,8.32,6.93,0.0,1
BIL,UA,736,1.96,-1.26,0.68,-4.12,1
BIL,OO,1344,2.08,-0.81,0.6,-4.0,2
BIL,DL,788,5.37,2.23,1.27,-0.71,3
BIL,MQ,916,11.32,9.21,0.44,5.24,4
BIL,G4,365,17.52,15.79,1.37,11.44,5
BIS,9E,10,1.6,16.0,0.0,-9.55,1
BIS,DL,630,6.66,-0.39,0.63,-4.49,2
BIS,G4,543,6.79,-3.03,1.47,-4.36,3
BIS,MQ,602,9.37,5.53,0.33,-1.78,4
BIS,OO,2189,14.06,8.29,1.01,2.91,5
BJI,OO,730,15.68,9.82,0.96,0.0,1
BLI,G4,959,0.98,-3.75,0.63,-5.67,1
BLI,WN,620,8.77,2.14,0.65,2.12,2
BLI,OO,965,10.92,12.31,0.73,4.27,3
BLV,G4,1098,20.7,14.69,2.55,0.0,1
BMI,9E,731,7.44,0.36,1.23,-2.92,1
BMI,MQ,729,8.37,2.63,1.65,-1.99,2
BMI,F9,60,9.22,12.53,3.33,-1.14,3
BMI,G4,230,26.24,23.05,1.74,15.88,4
BNA,YX,5723,3.31,0.68,1.21,-8.31,1
BNA,DL,8388,4.39,-1.65,0.87,-7.23,2
BNA,AS,1213,7.56,-1.85,1.07,-4.06,3
BNA,WN,51001,10.9,3.75,0.84,-0.72,4
BNA,G4,3029,11.23,5.65,1.45,-0.39,5
BNA,MQ,2539,11.63,9.4,2.32,0.01,6
BNA,UA,6246,11.75,6.94,1.57,0.13,7
BNA,OH,2402,12.4,10.11,2.0,0.78,8
BNA,OO,4137,13.3,9.29,1.69,1.68,9
BNA,B6,1354,15.53,8.9,1.77,3.91,10
BNA,F9,764,15.94,15.17,1.83,4.32,11
BNA,NK,3808,18.48,9.87,2.84,6.86,12
BNA,9E,1189,20.06,16.76,3.78,8.44,13
BNA,AA,8427,23.12,21.08,2.15,11.5,14
BOI,AS,625,4.34,3.79,0.64,-2.26,1
BOI,OO,11307,4.74,2.85,0.34,-1.86,2
BOI,MQ,267,6.58,2.82,0.37,-0.02,3
BOI,WN,4745,6.82,0.36,0.27,0.22,4
BOI,UA,1369,7.03,2.18,2.05,0.43,5
BOI,NK,542,8.3,4.27,2.03,1.7,6
BOI,DL,2747,8.77,2.95,0.84,2.17,7
BOI,AA,904,11.89,6.73,1.44,5.29,8
BOI,G4,353,32.82,31.44,0.85,26.22,9
BOS,9E,8,-3.25,-15.63,12.5,-15.09,1
BOS,G4,519,3.17,-4.37,2.5,-8.67,2
BOS,YX,26579,3.74,-1.51,1.6,-8.1,3
BOS,OO,2,9.5,23.5,0.0,-2.34,4
BOS,UA,12459,10.12,2.33,1.74,-1.72,5
BOS,AS,2588,11.18,4.2,1.62,-0.66,6
BOS,DL,25697,12.25,2.44,0.94,0.41,7
BOS,MQ,1931,12.84,5.47,1.5,1.0,8
BOS,WN,6635,13.09,3.47,0.87,1.25,9
BOS,B6,41180,14.31,7.26,1.34,2.47,10
BOS,AA,17181,14.76,4.6,1.36,2.92,11
BOS,F9,1480,17.46,14.1,2.36,5.62,12
BOS,HA,221,19.22,16.8,0.9,7.38,13
BOS,NK,7010,20.44,11.85,3.28,8.6,14
BPT,OO,542,6.63,1.12,2.03,-2.57,1
BPT,MQ,188,16.61,12.63,2.13,7.41,2
BQK,9E,142,7.49,8.09,0.0,-8.12,1
BQK,OO,653,17.37,19.42,0.31,1.76,2
BQN,B6,1585,15.13,11.23,1.26,-1.51,1
BQN,F9,495,17.64,6.38,1.21,1.0,2
BQN,UA,366,21.84,12.43,3.01,5.2,3
BRD,OO,649,7.25,2.32,0.62,0.0,1
BRO,MQ,1242,5.61,3.57,1.45,-3.21,1
BRO,OO,720,14.35,10.72,2.78,5.53,2
BRW,AS,364,9.55,10.77,5.22,0.0,1
BTM,OO,690,-4.98,-14.18,0.0,0.0,1
BTR,DL,909,7.41,0.73,1.21,-5.25,1
BTR,9E,502,9.42,5.42,1.79,-3.24,2
BTR,OO,590,13.44,9.11,2.88,0.78,3
BTR,MQ,993,13.73,11.22,2.11,1.07,4
BTR,OH,1920,15.18,11.35,1.67,2.52,5
BTR,UA,4,24.0,24.0,0.0,11.34,6
BTV,F9,12,2.5,-2.42,0.0,-7.7,1
BTV,YX,1683,2.59,-5.78,2.2,-7.61,2
BTV,B6,6,3.0,-0.67,0.0,-7.2,3
BTV,UA,1117,8.02,6.4,1.7,-2.18,4
BTV,MQ,336,8.74,10.28,2.08,-1.46,5
BTV,DL,468,9.05,1.2,1.71,-1.15,6
BTV,9E,1783,9.61,1.65,2.8,-0.59,7
BTV,OO,245,12.37,6.67,0.0,2.17,8
BTV,OH,1757,16.6,11.79,1.82,6.4,9
BTV,AA,713,18.19,12.74,1.26,7.99,10
BTV,G4,2,19.0,7.5,50.0,8.8,11
BUF,YX,2773,5.91,1.39,3.61,-4.99,1
BUF,MQ,497,6.7,2.53,1.01,-4.2,2
BUF,9E,1924,8.55,0.58,3.01,-2.35,3
BUF,WN,5346,9.64,2.29,1.66,-1.26,4
BUF,B6,3451,9.73,5.15,2.09,-1.17,5
BUF,DL,2130,10.18,2.4,1.17,-0.72,6
BUF,UA,997,11.05,9.25,2.11,0.15,7
BUF,OO,809,15.6,9.42,2.97,4.7,8
BUF,OH,901,17.57,16.68,2.55,6.67,9
BUF,AA,2182,17.67,14.83,1.37,6.77,10
BUF,F9,1156,17.84,11.75,3.89,6.94,11
BUR,AS,2247,3.87,2.61,2.18,-5.6,1
BUR,WN,18651,7.4,0.29,0.99,-2.07,2
BUR,F9,74,8.77,13.18,0.0,-0.7,3
BUR,OO,4120,11.32,9.22,1.0,1.85,4
BUR,UA,1594,12.36,9.31,1.57,2.89,5
BUR,NK,1919,13.95,11.17,1.77,4.48,6
BUR,AA,1239,19.72,14.82,0.97,10.25,7
BUR,DL,445,21.35,14.78,0.67,11.88,8
BUR,MQ,47,42.34,33.94,0.0,32.87,9
BUR,B6,300,45.32,38.95,2.0,35.85,10
BWI,OO,9,-5.78,-11.11,0.0,-20.96,1
BWI,MQ,541,3.39,-3.64,1.29,-11.79,2
BWI,UA,3625,6.09,-0.11,1.79,-9.09,3
BWI,OH,27,6.63,4.37,0.0,-8.55,4
BWI,B6,222,7.0,3.52,2.25,-8.18,5
BWI,YX,936,7.3,1.89,1.5,-7.88,6
BWI,DL,5276,9.13,1.69,0.72,-6.05,7
BWI,AS,585,15.6,10.77,2.05,0.42,8
BWI,WN,73243,15.68,8.33,0.91,0.5,9
BWI,NK,6753,15.69,8.04,1.76,0.51,10
BWI,AA,3782,17.34,10.52,1.75,2.16,11
BWI,9E,500,17.47,9.76,5.6,2.29,12
BWI,F9,2928,25.14,22.01,3.55,9.96,13
BWI,G4,145,32.34,27.04,1.38,17.16,14
BZN,AS,653,4.88,6.22,1.23,-6.12,1
BZN,MQ,68,6.03,-0.07,0.0,-4.97,2
BZN,OO,2011,6.4,2.75,0.55,-4.6,3
BZN,DL,1801,7.03,1.96,0.5,-3.97,4
BZN,WN,2012,7.93,1.81,0.45,-3.07,5
BZN,UA,2222,11.99,6.97,1.35,0.99,6
BZN,G4,376,12.73,7.12,2.39,1.73,7
BZN,AA,915,33.16,30.4,0.33,22.16,8
BZN,B6,145,37.01,33.01,2.07,26.01,9
CAE,DL,1520,4.12,-3.98,0.72,-5.17,1
CAE,OO,727,4.66,2.99,0.69,-4.63,2
CAE,9E,1253,6.45,1.14,1.92,-2.84,3
CAE,MQ,56,6.7,4.71,0.0,-2.59,4
CAE,OH,2220,9.44,8.58,1.31,0.15,5
CAE,YX,341,12.92,10.03,4.69,3.63,6
CAE,AA,700,28.43,24.81,3.0,19.14,7
CAK,OH,1651,10.65,7.35,0.73,-3.83,1
CAK,G4,756,16.31,10.11,1.98,1.83,2
CAK,OO,1069,19.09,17.42,1.59,4.61,3
CDC,OO,629,3.78,-1.79,0.79,0.0,1
CDV,AS,726,0.34,-0.65,1.93,0.0,1
CHA,YX,148,4.48,1.84,0.0,-7.88,1
CHA,DL,1233,8.46,0.01,0.81,-3.9,2
CHA,9E,1534,8.82,2.9,0.65,-3.54,3
CHA,OH,1471,12.07,8.05,1.02,-0.29,4
CHA,MQ,1249,16.49,12.6,1.92,4.13,5
CHA,OO,939,16.55,15.48,1.81,4.19,6
CHA,G4,279,22.18,17.71,3.23,9.82,7
CHO,OH,63,-3.56,-1.38,0.0,-13.53,1
CHO,YX,463,7.96,8.73,2.59,-2.01,2
CHO,9E,1784,9.04,2.22,2.69,-0.93,3
CHO,DL,257,9.61,-1.29,0.0,-0.36,4
CHO,OO,636,15.56,16.19,1.89,5.59,5
CHS,YX,2272,4.04,-1.03,1.32,-7.18,1
CHS,AS,350,4.23,-1.48,2.57,-6.99,2
CHS,OH,1741,7.4,4.98,1.84,-3.82,3
CHS,WN,3534,7.94,2.82,0.62,-3.28,4
CHS,MQ,921,8.41,4.45,1.52,-2.81,5
CHS,UA,2226,9.31,4.68,1.3,-1.91,6
CHS,DL,3892,9.57,4.14,0.9,-1.65,7
CHS,9E,1988,9.92,3.63,4.28,-1.3,8
CHS,G4,206,12.78,11.83,2.91,1.56,9
CHS,OO,369,14.79,12.75,1.36,3.57,10
CHS,B6,1840,16.49,11.94,1.63,5.27,11
CHS,AA,4892,17.49,14.36,1.84,6.27,12
CHS,F9,175,18.2,13.91,2.29,6.98,13
CHS,NK,1288,18.69,12.61,3.11,7.47,14
CID,9E,160,1.02,-2.62,0.0,-14.16,1
CID,YX,154,3.74,-4.61,5.19,-11.44,2
CID,MQ,1180,7.63,4.79,1.95,-7.55,3
CID,F9,275,9.3,6.63,2.18,-5.88,4
CID,UA,1147,9.36,6.6,1.74,-5.82,5
CID,OH,685,12.34,7.39,3.36,-2.84,6
CID,G4,979,12.96,6.5,2.25,-2.22,7
CID,OO,1929,15.73,13.5,2.33,0.55,8
CID,DL,370,17.64,12.61,1.35,2.46,9
CID,AA,1256,33.81,28.39,3.18,18.63,10
CIU,OO,728,23.62,18.13,1.37,0.0,1
CKB,G4,207,36.13,34.57,2.42,0.0,1
CLE,AS,477,4.29,1.41,1.68,-5.86,1
CLE,UA,8568,4.31,-2.18,1.38,-5.84,2
CLE,YX,4421,4.5,-1.15,2.17,-5.65,3
CLE,WN,5034,7.47,0.12,0.7,-2.68,4
CLE,MQ,612,8.71,2.06,0.98,-1.44,5
CLE,B6,822,9.52,6.16,1.58,-0.63,6
CLE,DL,3187,9.7,-0.25,0.88,-0.45,7
CLE,OH,1513,10.94,8.76,1.32,0.79,8
CLE,OO,1674,12.24,5.81,0.84,2.09,9
CLE,NK,1007,12.73,4.77,2.38,2.58,10
CLE,9E,2484,13.24,5.5,2.78,3.09,11
CLE,AA,4670,13.8,9.75,1.93,3.65,12
CLE,F9,6637,19.52,13.56,2.8,9.37,13
CLL,MQ,832,10.6,5.91,2.16,-2.74,1
CLL,OO,290,21.2,19.88,3.45,7.86,2
CLT,YX,2629,8.15,3.64,1.29,-10.04,1
CLT,DL,6231,10.71,2.11,0.64,-7.48,2
CLT,UA,4045,12.17,8.8,1.48,-6.02,3
CLT,OH,56854,12.36,8.15,1.18,-5.83,4
CLT,9E,3136,14.13,8.67,3.92,-4.06,5
CLT,MQ,6134,15.45,11.67,1.45,-2.74,6
CLT,B6,530,17.23,9.18,1.89,-0.96,7
CLT,WN,3300,17.42,10.99,0.33,-0.77,8
CLT,OO,57,20.12,9.09,0.0,1.93,9
CLT,AA,126484,21.38,16.84,1.34,3.19,10
CLT,NK,4886,21.77,16.02,2.72,3.58,11
CLT,F9,3288,30.14,32.25,3.35,11.95,12
CMH,YX,11543,1.35,-4.3,1.19,-7.56,1
CMH,DL,3332,5.8,-1.68,0.87,-3.11,2
CMH,AS,471,7.18,-1.7,1.91,-1.73,3
CMH,WN,11900,9.4,2.13,0.96,0.49,4
CMH,9E,252,9.68,1.47,0.4,0.77,5
CMH,MQ,3122,11.75,7.03,0.67,2.84,6
CMH,UA,2678,13.4,10.16,1.46,4.49,7
CMH,NK,2547,13.52,4.26,1.96,4.61,8
CMH,OO,1329,14.71,7.96,0.15,5.8,9
CMH,OH,1329,15.53,10.59,1.05,6.62,10
CMH,F9,242,17.6,14.97,2.89,8.69,11
CMH,AA,3527,20.54,15.88,1.64,11.63,12
CMI,MQ,1385,15.25,7.95,1.52,0.0,1
CMX,OO,730,18.45,17.01,4.11,0.0,1
CNY,OO,31,3.19,-1.74,6.45,0.0,1
COD,OO,631,16.96,9.43,0.79,0.0,1
COS,UA,745,8.4,5.01,2.55,-1.73,1
COS,OO,5008,8.76,2.13,1.16,-1.37,2
COS,WN,4912,9.28,3.58,0.63,-0.85,3
COS,DL,554,13.79,8.73,0.72,3.66,4
COS,MQ,355,15.59,13.1,0.28,5.46,5
COS,AA,1080,17.87,17.21,2.5,7.74,6
COU,MQ,1678,12.48,9.82,2.03,-2.49,1
COU,OO,101,56.45,49.66,1.98,41.48,2
CPR,OO,1771,6.59,-2.22,0.73,0.0,1
CRP,OO,268,5.56,2.74,1.87,-2.96,1
CRP,MQ,2439,8.53,7.06,1.97,0.01,2
CRP,WN,1164,9.18,5.26,1.12,0.66,3
CRW,9E,180,1.87,-6.53,0.0,-17.07,1
CRW,OH,1439,14.27,10.82,1.18,-4.67,2
CRW,OO,1814,24.33,18.36,1.32,5.39,3
CSG,9E,595,9.01,3.58,3.03,-3.65,1
CSG,OO,406,18.01,13.1,0.99,5.35,2
CVG,YX,5550,3.35,-1.59,1.68,-6.96,1
CVG,UA,2080,6.69,2.8,1.01,-3.62,2
CVG,OO,866,7.59,5.6,0.35,-2.72,3
CVG,9E,6620,7.99,2.03,1.74,-2.32,4
CVG,DL,7132,8.74,1.22,0.91,-1.57,5
CVG,WN,2165,9.22,3.03,0.6,-1.09,6
CVG,AS,351,9.34,3.74,3.42,-0.97,7
CVG,MQ,2685,12.56,9.24,0.71,2.25,8
CVG,G4,3269,12.78,8.97,1.41,2.47,9
CVG,F9,4722,14.4,10.14,2.14,4.09,10
CVG,OH,2487,15.25,12.36,1.05,4.94,11
CVG,AA,3343,19.94,14.31,1.88,9.63,12
CWA,9E,731,3.53,-2.88,0.82,0.0,1
CYS,OO,679,8.0,-1.43,2.06,0.0,1
DAB,DL,1448,6.93,2.11,1.31,-1.76,1
DAB,OH,1102,10.04,2.62,2.81,1.35,2
DAB,AA,315,11.85,6.92,0.95,3.16,3
DAB,MQ,9,15.0,10.56,0.0,6.31,4
DAL,AS,363,2.85,-2.31,2.48,-10.99,1
DAL,DL,2080,12.25,6.7,0.72,-1.59,2
DAL,WN,70231,13.94,8.13,1.08,0.1,3
DAY,YX,319,0.02,-2.47,0.63,-8.44,1
DAY,DL,1169,2.66,-8.4,1.03,-5.8,2
DAY,9E,483,7.99,-2.35,2.28,-0.47,3
DAY,OH,3625,9.22,5.06,1.02,0.76,4
DAY,OO,1581,10.48,5.67,0.95,2.02,5
DAY,MQ,185,12.73,5.99,1.62,4.27,6
DAY,G4,278,19.2,14.56,4.32,10.74,7
DCA,YX,27099,4.1,-1.61,1.43,-7.87,1
DCA,AS,1821,5.47,-2.69,0.77,-6.5,2
DCA,F9,1097,10.98,1.99,1.46,-0.99,3
DCA,UA,6135,11.09,5.32,1.63,-0.88,4
DCA,DL,9064,11.15,2.48,1.17,-0.82,5
DCA,MQ,4251,12.62,7.1,1.29,0.65,6
DCA,WN,15766,12.71,3.75,1.12,0.74,7
DCA,OH,36747,13.96,9.04,2.11,1.99,8
DCA,9E,2018,14.18,8.31,1.93,2.21,9
DCA,B6,8372,14.38,6.69,1.49,2.41,10
DCA,OO,173,16.53,5.76,0.58,4.56,11
DCA,AA,27473,16.57,9.46,1.55,4.6,12
DDC,OO,627,22.45,19.88,3.03,0.0,1
DEC,OO,780,25.66,21.43,2.31,0.0,1
DEN,AS,2230,7.37,4.73,1.35,-5.75,1
DEN,DL,12439,10.45,2.23,0.86,-2.67,2
DEN,OO,59962,10.69,5.62,1.33,-2.43,3
DEN,UA,101967,12.19,7.08,1.2,-0.93,4
DEN,MQ,181,14.0,9.05,0.0,0.88,5
DEN,WN,96614,14.76,8.86,0.81,1.64,6
DEN,F9,25103,15.28,10.14,1.52,2.16,7
DEN,G4,444,16.07,13.7,1.58,2.95,8
DEN,AA,8436,18.88,13.66,1.62,5.76,9
DEN,B6,1233,30.89,26.57,0.97,17.77,10
DEN,NK,36,44.25,37.86,0.0,31.13,11
DFW,MQ,70002,8.66,4.65,1.57,-9.93,1
DFW,OO,24411,9.67,5.57,2.01,-8.92,2
DFW,DL,12219,14.33,6.76,0.92,-4.26,3
DFW,UA,8268,14.76,10.6,1.56,-3.83,4
DFW,AS,2404,14.76,13.24,2.2,-3.83,5
DFW,NK,10125,17.49,11.57,1.3,-1.1,6
DFW,OH,9246,19.84,14.92,2.53,1.25,7
DFW,F9,10210,20.83,19.58,2.67,2.24,8
DFW,AA,166286,24.46,18.86,1.99,5.87,9
DFW,B6,364,37.36,33.61,1.1,18.77,10
DFW,YX,45,37.44,25.11,2.22,18.85,11
DFW,9E,2,99.5,130.0,0.0,80.91,12
DHN,9E,536,7.93,3.54,0.56,-2.07,1
DHN,OO,230,14.8,11.34,1.3,4.8,2
DIK,OO,671,11.77,3.15,2.53,0.0,1
DLG,AS,110,2.12,3.43,2.73,0.0,1
DLH,YX,501,2.2,-4.28,0.4,-8.9,1
DLH,9E,189,8.05,7.93,1.06,-3.05,2
DLH,DL,108,10.55,4.37,0.93,-0.55,3
DLH,OO,1434,14.65,8.02,1.19,3.55,4
DRO,MQ,27,-2.74,-20.3,0.0,-14.37,1
DRO,UA,725,8.63,-2.97,1.1,-3.0,2
DRO,OO,3065,12.38,9.0,0.95,0.75,3
DRO,AA,9,43.33,36.56,0.0,31.7,4
DSM,YX,930,3.49,1.71,1.61,-9.6,1
DSM,UA,2009,6.63,5.0,1.49,-6.46,2
DSM,9E,2595,7.35,0.85,1.73,-5.74,3
DSM,MQ,919,8.45,3.27,1.85,-4.64,4
DSM,WN,1779,9.06,2.11,0.96,-4.03,5
DSM,DL,1183,11.31,1.48,1.01,-1.78,6
DSM,OO,900,12.53,8.08,1.67,-0.56,7
DSM,OH,476,13.85,10.64,1.89,0.76,8
DSM,F9,291,15.66,13.63,1.72,2.57,9
DSM,G4,1724,18.78,14.43,1.91,5.69,10
DSM,AA,2497,29.06,24.29,1.68,15.97,11
DTW,YX,4834,3.03,-1.51,1.61,-8.09,1
DTW,9E,12740,4.76,0.18,0.93,-6.36,2
DTW,MQ,854,6.98,4.6,2.81,-4.14,3
DTW,UA,2295,7.12,1.79,1.09,-4.0,4
DTW,WN,4073,9.09,1.94,0.66,-2.03,5
DTW,NK,10566,9.69,0.83,1.4,-1.43,6
DTW,AS,510,9.8,4.65,1.96,-1.32,7
DTW,DL,58870,11.14,5.04,0.88,0.02,8
DTW,OH,1182,11.2,7.38,1.95,0.08,9
DTW,B6,1034,14.59,11.69,0.87,3.47,10
DTW,OO,26180,15.13,11.12,0.72,4.01,11
DTW,AA,5865,15.26,9.77,1.79,4.14,12
DTW,F9,2364,20.91,15.36,3.38,9.79,13
DVL,OO,678,19.17,14.45,4.28,0.0,1
EAR,OO,105,22.69,17.01,2.86,0.0,1
EAU,OO,31,24.03,18.87,6.45,0.0,1
ECP,DL,2350,7.82,2.47,0.81,-4.63,1
ECP,OO,288,8.44,4.15,0.69,-4.01,2
ECP,WN,3156,8.78,4.16,0.76,-3.67,3
ECP,MQ,769,14.33,9.61,1.82,1.88,4
ECP,OH,1061,16.06,14.44,0.75,3.61,5
ECP,YX,24,19.79,16.17,0.0,7.34,6
ECP,9E,24,36.92,35.21,0.0,24.47,7
ECP,AA,708,37.26,35.6,1.98,24.81,8
EGE,OO,1763,11.02,3.94,1.13,-10.77,1
EGE,DL,179,14.49,5.38,0.56,-7.3,2
EGE,UA,514,18.24,13.27,1.56,-3.55,3
EGE,F9,12,26.25,33.83,0.0,4.46,4
EGE,AA,1334,38.35,35.84,1.35,16.56,5
EKO,OO,366,-0.06,-7.0,0.55,0.0,1
ELM,G4,296,13.22,5.44,1.69,-7.82,1
ELM,OO,711,24.29,18.67,0.28,3.25,2
ELP,YX,31,2.84,-3.16,6.45,-7.05,1
ELP,UA,353,5.66,-2.36,0.57,-4.23,2
ELP,OO,2302,6.34,3.34,0.65,-3.55,3
ELP,DL,714,7.8,1.13,0.56,-2.09,4
ELP,WN,8916,8.45,2.88,0.54,-1.44,5
ELP,MQ,1640,9.99,7.09,0.79,0.1,6
ELP,F9,685,16.08,11.84,1.9,6.19,7
ELP,AA,2761,16.79,14.54,1.7,6.9,8
ELP,G4,92,18.29,15.3,2.17,8.4,9
ESC,OO,650,10.18,4.96,0.77,0.0,1
EUG,OO,2552,7.13,2.65,1.37,-4.21,1
EUG,WN,1732,8.07,0.4,1.79,-3.27,2
EUG,AS,298,11.98,13.46,2.35,0.64,3
EUG,UA,1480,12.69,7.57,1.76,1.35,4
EUG,AA,775,22.74,18.03,1.68,11.4,5
EUG,G4,348,24.03,21.1,3.45,12.69,6
EUG,MQ,26,47.42,33.5,0.0,36.08,7
EVV,9E,704,2.99,-4.21,0.99,-8.32,1
EVV,MQ,726,6.44,2.85,0.83,-4.87,2
EVV,OH,22,9.36,4.0,0.0,-1.95,3
EVV,OO,427,18.26,15.26,0.7,6.95,4
EVV,DL,25,34.76,25.24,4.0,23.45,5
EVV,G4,202,40.41,32.67,3.96,29.1,6
EWN,OH,51,63.04,53.9,7.84,0.0,1
EWR,OO,1,-4.0,9.0,0.0,-17.71,1
EWR,YX,23384,4.09,-3.55,3.16,-9.62,2
EWR,G4,659,9.25,-0.83,0.91,-4.46,3
EWR,AS,3270,13.29,5.63,2.91,-0.42,4
EWR,UA,69151,14.58,7.55,2.34,0.87,5
EWR,B6,5548,15.95,8.95,2.02,2.24,6
EWR,NK,10754,16.47,6.25,3.17,2.76,7
EWR,MQ,797,17.97,10.86,3.76,4.26,8
EWR,DL,6582,20.36,14.51,1.11,6.65,9
EWR,9E,1633,21.45,18.09,3.86,7.74,10
EWR,AA,6827,22.68,13.15,2.43,8.97,11
EWR,F9,373,30.81,25.23,1.61,17.1,12
EYW,YX,1093,10.59,7.24,2.29,-9.54,1
EYW,UA,746,11.28,11.25,2.28,-8.85,2
EYW,MQ,2061,11.84,9.56,2.86,-8.29,3
EYW,DL,1323,13.17,9.54,2.19,-6.96,4
EYW,G4,642,21.85,20.72,4.21,1.72,5
EYW,9E,159,21.87,21.54,1.89,1.74,6
EYW,B6,179,37.84,28.1,2.79,17.71,7
EYW,AA,1744,42.36,39.57,2.92,22.23,8
FAI,AS,2613,2.49,-0.99,1.11,-3.92,1
FAI,UA,237,14.18,-0.19,1.69,7.77,2
FAI,DL,602,20.4,13.19,1.16,13.99,3
FAR,DL,711,3.67,-3.7,0.56,-9.19,1
FAR,9E,224,5.24,-2.26,0.45,-7.62,2
FAR,F9,329,8.25,5.17,1.22,-4.61,3
FAR,G4,690,9.64,1.5,0.43,-3.22,4
FAR,MQ,1763,11.76,4.72,0.91,-1.1,5
FAR,OO,2864,17.47,13.61,1.22,4.61,6
FAR,UA,134,18.23,14.6,1.49,5.37,7
FAT,MQ,20,-1.9,-5.85,0.0,-13.42,1
FAT,AS,377,4.45,3.25,2.39,-7.07,2
FAT,OO,6645,8.43,4.23,0.51,-3.09,3
FAT,G4,635,11.11,12.27,0.31,-0.41,4
FAT,WN,1492,11.11,5.48,0.07,-0.41,5
FAT,UA,364,18.84,11.48,2.47,7.32,6
FAT,DL,204,19.46,11.28,1.96,7.94,7
FAT,AA,2058,21.26,16.61,1.41,9.74,8
FAY,DL,331,3.82,-4.89,0.91,-7.91,1
FAY,OH,641,8.11,7.36,1.4,-3.62,2
FAY,9E,349,15.17,8.37,0.0,3.44,3
FAY,OO,191,31.28,27.15,1.05,19.55,4
FCA,OO,1447,6.57,1.57,0.83,-5.31,1
FCA,DL,795,8.18,3.66,0.75,-3.7,2
FCA,UA,919,13.23,8.34,0.98,1.35,3
FCA,G4,254,21.69,18.24,1.18,9.81,4
FCA,AA,386,27.36,23.46,0.52,15.48,5
FCA,MQ,39,35.03,27.72,0.0,23.15,6
FLG,OO,1850,11.48,9.08,0.43,0.0,1
FLL,UA,8232,11.96,6.18,2.42,-5.02,1
FLL,9E,22,14.86,13.86,0.0,-2.12,2
FLL,AS,1020,15.61,10.06,7.35,-1.37,3
FLL,WN,14275,15.62,10.75,1.32,-1.36,4
FLL,DL,12290,15.68,9.81,1.05,-1.3,5
FLL,B6,18910,16.55,11.37,1.25,-0.43,6
FLL,G4,3318,17.48,14.82,1.84,0.5,7
FLL,NK,25669,18.56,13.94,1.64,1.58,8
FLL,AA,6525,22.24,18.42,1.9,5.26,9
FLL,F9,1629,22.89,20.83,3.99,5.91,10
FNT,G4,1384,7.75,1.44,1.08,-5.89,1
FNT,OO,828,23.48,21.71,1.57,9.84,2
FOD,OO,627,20.2,16.97,2.23,0.0,1
FSD,UA,741,2.3,0.44,0.94,-9.1,1
FSD,YX,56,3.48,-0.09,0.0,-7.92,2
FSD,9E,354,7.26,5.57,0.85,-4.14,3
FSD,OO,2583,8.33,2.64,0.85,-3.07,4
FSD,MQ,775,10.82,4.18,3.35,-0.58,5
FSD,F9,251,11.17,11.38,1.59,-0.23,6
FSD,G4,953,15.08,9.22,1.05,3.68,7
FSD,DL,666,19.5,14.0,1.35,8.1,8
FSD,AA,654,23.97,16.54,1.38,12.57,9
FSM,MQ,1012,11.65,6.81,2.17,-0.2,1
FSM,OO,172,13.07,7.34,3.49,1.22,2
FWA,MQ,881,9.67,3.55,0.45,-7.52,1
FWA,OH,167,10.01,2.8,0.0,-7.18,2
FWA,9E,234,10.49,-2.83,3.42,-6.7,3
FWA,OO,2605,19.5,14.49,1.11,2.31,4
FWA,G4,835,21.23,16.59,2.63,4.04,5
GCC,OO,732,10.33,4.39,1.23,0.0,1
GCK,OO,216,12.35,9.58,4.63,-2.13,1
GCK,MQ,514,15.37,14.38,1.75,0.89,2
GEG,UA,890,2.68,-4.95,2.13,-3.87,1
GEG,OO,5952,3.09,0.51,0.39,-3.46,2
GEG,AS,2295,3.38,1.23,1.7,-3.17,3
GEG,WN,3705,6.53,0.09,0.08,-0.02,4
GEG,DL,3003,8.11,2.09,0.97,1.56,5
GEG,G4,238,13.18,9.77,0.84,6.63,6
GEG,AA,1444,23.9,17.33,0.83,17.35,7
GFK,OO,1005,6.58,2.16,0.6,-1.0,1
GFK,G4,192,7.15,0.94,0.52,-0.43,2
GFK,9E,86,20.15,10.98,0.0,12.57,3
GGG,OO,499,12.29,8.7,2.0,-1.62,1
GGG,MQ,230,17.41,14.48,2.17,3.5,2
GJT,UA,725,7.88,-4.05,0.69,-2.62,1
GJT,OO,2618,10.24,7.15,0.88,-0.26,2
GJT,MQ,496,11.38,9.2,0.6,0.88,3
GJT,G4,127,27.54,29.37,1.57,17.04,4
GNV,DL,1570,5.55,-1.67,1.27,-3.09,1
GNV,MQ,586,7.24,3.15,2.05,-1.4,2
GNV,9E,123,7.46,1.03,0.81,-1.18,3
GNV,OH,746,16.42,10.84,4.02,7.78,4
GPT,9E,55,5.62,-1.07,0.0,-4.47,1
GPT,DL,1185,7.82,1.82,1.27,-2.27,2
GPT,OH,1233,8.61,7.64,0.81,-1.48,3
GPT,OO,339,10.27,8.1,1.47,0.18,4
GPT,MQ,533,17.41,12.97,2.63,7.32,5
GPT,G4,26,40.46,41.08,0.0,30.37,6
GRB,9E,73,1.34,-10.49,0.0,-11.32,1
GRB,YX,179,3.58,1.07,1.12,-9.08,2
GRB,MQ,394,8.4,4.24,1.78,-4.26,3
GRB,OO,3075,13.23,8.59,1.5,0.57,4
GRB,DL,370,16.38,9.63,0.54,3.72,5
GRB,F9,112,21.4,16.78,2.68,8.74,6
GRI,G4,225,18.44,12.83,1.78,-2.09,1
GRI,OO,729,21.17,18.39,1.65,0.64,2
GRK,MQ,1301,12.58,9.64,1.38,-0.01,1
GRK,OO,495,12.61,10.78,3.84,0.02,2
GRR,YX,2050,2.22,-3.33,2.05,-8.18,1
GRR,9E,937,4.59,-2.24,4.06,-5.81,2
GRR,DL,2854,5.27,-2.72,0.95,-5.13,3
GRR,UA,1413,5.87,2.79,1.06,-4.53,4
GRR,G4,2167,8.51,2.48,1.34,-1.89,5
GRR,WN,1961,9.11,5.38,0.51,-1.29,6
GRR,OO,2115,14.56,10.79,1.89,4.16,7
GRR,MQ,743,15.05,13.56,1.75,4.65,8
GRR,OH,720,15.05,14.77,2.78,4.65,9
GRR,AA,2526,19.55,15.32,1.23,9.15,10
GRR,F9,751,25.33,18.98,3.46,14.93,11
GSO,DL,2415,4.62,-3.7,0.66,-4.09,1
GSO,9E,1557,4.98,-2.78,2.76,-3.73,2
GSO,YX,1622,5.72,1.64,3.08,-2.99,3
GSO,OO,1017,5.78,3.67,0.59,-2.93,4
GSO,OH,2544,7.71,6.74,1.14,-1.0,5
GSO,MQ,1329,8.54,5.51,0.6,-0.17,6
GSO,AA,1325,26.23,22.56,2.72,17.52,7
GSO,G4,142,30.39,30.61,2.82,21.68,8
GSP,DL,2620,4.0,-4.27,0.92,-4.97,1
GSP,YX,2132,4.69,-0.44,2.53,-4.28,2
GSP,OO,984,6.83,2.64,1.32,-2.14,3
GSP,WN,1497,7.23,0.33,0.47,-1.74,4
GSP,9E,1383,7.3,-0.08,2.17,-1.67,5
GSP,UA,467,7.59,2.92,1.5,-1.38,6
GSP,OH,3902,8.75,6.71,1.0,-0.22,7
GSP,MQ,1664,10.1,8.27,0.9,1.13,8
GSP,AA,1344,25.7,19.03,2.46,16.73,9
GSP,G4,329,27.95,24.38,3.04,18.98,10
GST,AS,90,2.24,-0.33,6.67,0.0,1
GTF,OO,2006,3.7,-1.43,0.5,-2.96,1
GTF,UA,256,7.75,-2.64,2.34,1.09,2
GTF,G4,174,39.09,38.17,0.57,32.43,3
GTR,9E,732,2.34,-3.84,1.09,0.0,1
GUC,OO,725,7.14,-1.6,1.1,-4.07,1
GUC,AA,124,35.01,35.4,1.61,23.8,2
GUM,UA,732,1.06,-9.78,0.82,0.0,1
HDN,MQ,24,8.42,6.92,0.0,-7.27,1
HDN,WN,609,9.21,3.98,0.99,-6.48,2
HDN,OO,898,11.23,3.63,1.11,-4.46,3
HDN,UA,606,11.53,4.07,1.32,-4.16,4
HDN,DL,134,12.64,7.66,0.0,-3.05,5
HDN,AA,185,47.45,48.65,0.54,31.76,6
HDN,B6,60,102.27,101.65,1.67,86.58,7
HGR,G4,296,34.05,31.47,3.04,0.0,1
HHH,MQ,1107,9.8,7.75,1.9,-2.82,1
HHH,YX,767,16.67,11.79,2.74,4.05,2
HIB,OO,629,8.41,2.17,1.11,0.0,1
HLN,OO,1557,11.47,7.3,0.58,0.0,1
HNL,WN,14583,2.41,-3.8,0.37,-3.35,1
HNL,HA,31606,5.32,4.41,1.06,-0.44,2
HNL,AA,2258,5.87,-6.18,0.04,0.11,3
HNL,DL,3685,8.8,-2.82,0.68,3.04,4
HNL,UA,5039,10.7,-1.46,1.13,4.94,5
HNL,AS,4377,11.79,4.16,2.65,6.03,6
HOB,OO,444,23.78,16.63,1.35,0.0,1
HOU,MQ,1790,11.98,8.32,4.08,-1.15,1
HOU,WN,52441,12.88,4.76,1.09,-0.25,2
HOU,OO,371,13.31,13.12,1.08,0.18,3
HOU,DL,1600,13.83,8.67,1.0,0.7,4
HOU,F9,358,21.51,15.92,4.75,8.38,5
HOU,G4,346,34.82,33.18,1.73,21.69,6
HOU,OH,152,35.08,30.68,7.24,21.95,7
HPN,YX,59,7.47,1.05,0.0,-5.68,1
HPN,MQ,1208,9.2,3.19,1.82,-3.95,2
HPN,B6,5288,9.35,3.52,1.44,-3.8,3
HPN,9E,956,11.68,1.13,1.46,-1.47,4
HPN,DL,979,13.72,2.3,0.92,0.57,5
HPN,OH,2796,16.24,13.31,2.43,3.09,6
HPN,OO,1046,29.8,22.59,2.1,16.65,7
HRL,OO,250,2.67,0.1,1.6,-5.05,1
HRL,DL,208,3.17,-7.41,0.48,-4.55,2
HRL,MQ,1581,6.95,4.99,1.52,-0.77,3
HRL,WN,2266,9.24,5.75,0.57,1.52,4
HSV,YX,229,1.71,0.4,1.75,-10.99,1
HSV,DL,1958,3.77,-4.22,1.07,-8.93,2
HSV,9E,590,7.28,2.57,1.53,-5.42,3
HSV,OO,1720,14.87,10.83,0.93,2.17,4
HSV,MQ,1840,15.95,11.95,1.63,3.25,5
HSV,OH,2546,17.95,15.89,2.08,5.25,6
HSV,AA,13,23.15,15.38,0.0,10.45,7
HTS,G4,426,41.38,40.49,3.29,0.0,1
HYA,YX,165,12.56,18.37,1.21,-13.28,1
HYA,B6,104,46.91,50.79,6.73,21.07,2
HYS,OO,670,10.8,4.05,1.94,0.0,1
IAD,MQ,26,3.81,7.92,3.85,-6.2,1
IAD,9E,388,4.13,-5.3,0.26,-5.88,2
IAD,YX,8217,4.22,-1.41,1.31,-5.79,3
IAD,UA,32249,9.89,3.41,1.47,-0.12,4
IAD,AS,2100,10.54,5.42,1.52,0.53,5
IAD,WN,1139,11.21,2.61,0.26,1.2,6
IAD,DL,3225,11.83,0.92,0.74,1.82,7
IAD,OH,1657,13.15,5.42,1.09,3.14,8
IAD,F9,100,18.2,15.76,0.0,8.19,9
IAD,AA,741,18.78,9.39,1.62,8.77,10
IAD,OO,2704,19.07,13.82,1.41,9.06,11
IAD,G4,345,34.07,26.32,1.74,24.06,12
IAG,G4,383,23.17,17.76,2.09,0.0,1
IAH,AS,883,8.9,4.67,2.38,-8.56,1
IAH,OH,38,11.61,8.97,0.0,-5.85,2
IAH,WN,2876,13.2,7.79,1.63,-4.26,3
IAH,DL,8028,13.46,5.72,1.12,-4.0,4
IAH,MQ,1463,14.37,7.66,3.28,-3.09,5
IAH,NK,9792,15.99,9.6,2.17,-1.47,6
IAH,UA,68547,17.08,11.8,1.85,-0.38,7
IAH,OO,13015,17.95,13.26,2.66,0.49,8
IAH,AA,7086,23.9,19.18,2.79,6.44,9
IAH,B6,736,25.97,20.27,2.17,8.51,10
IAH,F9,3421,28.49,27.39,3.13,11.03,11
IAH,YX,55,40.95,34.69,0.0,23.49,12
ICT,WN,1773,2.3,-4.69,0.23,-8.09,1
ICT,UA,587,2.4,6.09,0.85,-7.99,2
ICT,9E,168,5.37,1.93,0.0,-5.02,3
ICT,DL,884,7.33,0.54,1.13,-3.06,4
ICT,MQ,2380,9.69,6.01,1.72,-0.7,5
ICT,G4,365,11.9,4.97,0.82,1.51,6
ICT,OO,3243,13.52,9.01,1.05,3.13,7
ICT,OH,316,21.62,22.72,0.63,11.23,8
ICT,AA,560,28.18,26.04,2.86,17.79,9
IDA,DL,96,7.39,9.92,0.0,-3.62,1
IDA,OO,2842,8.0,1.7,0.53,-3.01,2
IDA,G4,492,29.1,27.38,0.41,18.09,3
ILM,YX,1354,5.96,4.75,2.22,-4.08,1
ILM,OO,39,6.54,0.92,0.0,-3.5,2
ILM,9E,1312,7.02,1.51,2.13,-3.02,3
ILM,MQ,1096,7.42,3.75,0.82,-2.62,4
ILM,OH,1997,10.43,8.69,1.55,0.39,5
ILM,DL,783,10.94,3.96,1.4,0.9,6
ILM,AA,1488,17.43,12.1,2.15,7.39,7
IMT,OO,729,14.34,9.24,1.23,0.0,1
IND,YX,12727,1.94,-2.57,1.21,-7.24,1
IND,9E,2416,6.69,-1.05,2.28,-2.49,2
IND,DL,4495,8.26,1.47,0.65,-0.92,3
IND,MQ,1063,8.41,3.71,1.88,-0.77,4
IND,UA,2368,9.0,4.0,1.86,-0.18,5
IND,OH,295,9.38,6.18,1.02,0.2,6
IND,AS,539,9.74,6.09,2.04,0.56,7
IND,WN,11355,11.04,4.08,0.93,1.86,8
IND,NK,2320,14.93,7.86,2.63,5.75,9
IND,OO,1148,15.11,9.82,1.48,5.93,10
IND,G4,1478,15.33,12.91,2.1,6.15,11
IND,AA,6703,15.64,11.52,1.21,6.46,12
IND,F9,851,20.12,15.43,2.35,10.94,13
INL,OO,653,13.7,7.07,1.23,0.0,1
ISP,WN,2847,12.62,3.14,1.02,-2.14,1
ISP,B6,148,15.31,11.84,0.0,0.55,2
ISP,F9,1782,18.13,7.59,3.54,3.37,3
ITH,YX,83,6.04,-6.63,3.61,-1.77,1
ITH,9E,727,8.01,-3.72,2.89,0.2,2
ITO,WN,1829,-2.44,-5.24,0.38,-4.55,1
ITO,HA,4928,3.8,3.94,1.08,1.69,2
JAC,AS,83,2.89,3.81,6.02,-18.66,1
JAC,OO,1150,9.93,3.79,1.57,-11.62,2
JAC,UA,2036,16.26,10.64,1.92,-5.29,3
JAC,DL,1303,16.27,7.69,0.84,-5.28,4
JAC,AA,1053,52.48,48.33,1.14,30.93,5
JAN,DL,2003,3.93,-2.37,0.6,-7.43,1
JAN,9E,248,5.61,3.42,0.4,-5.75,2
JAN,WN,1755,11.06,5.72,0.8,-0.3,3
JAN,OO,448,15.4,12.52,0.89,4.04,4
JAN,MQ,1080,16.8,13.42,2.13,5.44,5
JAN,OH,1333,18.23,15.5,2.4,6.87,6
JAX,OO,163,6.56,2.96,2.45,-5.91,1
JAX,YX,1672,6.71,1.29,1.73,-5.76,2
JAX,9E,909,7.43,-0.19,2.75,-5.04,3
JAX,WN,4758,8.47,2.68,0.99,-4.0,4
JAX,MQ,1180,9.56,7.21,1.36,-2.91,5
JAX,UA,3805,9.82,5.57,1.42,-2.65,6
JAX,DL,5836,10.87,5.36,1.13,-1.6,7
JAX,F9,910,14.51,12.08,2.86,2.04,8
JAX,G4,728,15.32,12.02,1.37,2.85,9
JAX,OH,1052,15.42,12.02,1.43,2.95,10
JAX,AA,7369,17.61,15.22,1.89,5.14,11
JAX,B6,1836,18.98,14.73,2.07,6.51,12
JFK,YX,17238,4.29,-2.36,2.15,-8.3,1
JFK,AS,3787,7.66,-0.21,3.01,-4.93,2
JFK,9E,17133,7.97,1.06,3.45,-4.62,3
JFK,HA,368,11.02,8.24,1.09,-1.57,4
JFK,AA,14504,11.61,0.71,1.13,-0.98,5
JFK,DL,30444,12.81,1.9,0.94,0.22,6
JFK,F9,828,16.97,11.08,1.09,4.38,7
JFK,B6,36115,18.68,10.5,1.86,6.09,8
JFK,OO,2931,21.25,13.67,2.9,8.66,9
JLN,OO,627,17.81,10.75,1.91,0.0,1
JMS,OO,615,15.0,11.52,5.69,0.0,1
JNU,AS,4587,1.48,0.59,1.87,-0.28,1
JNU,DL,151,10.27,2.87,0.0,8.51,2
JST,OO,731,19.08,12.09,2.33,0.0,1
KOA,WN,3402,-1.07,-6.45,0.47,-5.5,1
KOA,HA,7780,3.22,2.76,0.82,-1.21,2
KOA,DL,732,5.95,-4.45,2.05,1.52,3
KOA,AS,2052,8.65,1.63,3.07,4.22,4
KOA,UA,1610,9.62,-1.46,1.61,5.19,5
KOA,AA,751,17.8,8.13,0.0,13.37,6
KTN,AS,2421,0.58,-2.51,1.82,-1.05,1
KTN,OO,94,28.49,31.53,2.13,26.86,2
LAN,9E,146,6.5,0.33,2.05,-9.59,1
LAN,OO,858,17.28,13.92,0.7,1.19,2
LAN,OH,294,17.38,17.11,3.06,1.29,3
LAR,OO,627,9.85,7.75,3.67,0.0,1
LAS,G4,7539,8.12,3.21,0.6,-4.66,1
LAS,DL,16263,8.5,0.56,0.73,-4.28,2
LAS,UA,14306,9.23,3.07,1.71,-3.55,3
LAS,NK,26247,10.3,4.55,1.16,-2.48,4
LAS,AS,5436,10.46,8.75,2.21,-2.32,5
LAS,WN,85662,13.73,5.79,0.52,0.95,6
LAS,F9,13091,14.61,11.03,1.41,1.83,7
LAS,OO,2236,14.82,17.11,1.52,2.04,8
LAS,B6,3012,19.14,9.37,0.76,6.36,9
LAS,AA,14022,19.38,12.12,1.06,6.6,10
LAS,HA,1412,19.65,17.7,0.28,6.87,11
LAS,MQ,26,66.96,60.15,0.0,54.18,12
LAW,OO,935,12.62,10.35,3.53,-0.5,1
LAW,MQ,151,16.26,9.54,2.65,3.14,2
LAX,AS,9281,5.17,1.45,1.87,-5.02,1
LAX,OO,38410,6.14,3.99,0.36,-4.05,2
LAX,UA,27366,8.27,0.42,1.71,-1.92,3
LAX,B6,9196,9.2,1.27,0.34,-0.99,4
LAX,DL,36344,9.55,3.18,0.67,-0.64,5
LAX,NK,11467,9.93,2.49,1.16,-0.26,6
LAX,G4,1038,10.99,7.17,0.77,0.8,7
LAX,WN,25868,11.49,4.34,0.44,1.3,8
LAX,MQ,55,13.04,10.36,0.0,2.85,9
LAX,HA,2324,13.64,10.43,1.25,3.45,10
LAX,AA,30404,16.96,9.66,0.66,6.77,11
LAX,F9,2300,28.18,28.02,1.87,17.99,12
LBB,WN,2637,6.49,-0.74,0.8,-3.86,1
LBB,OO,1182,10.7,8.6,2.03,0.35,2
LBB,MQ,1946,11.08,8.98,1.9,0.73,3
LBB,AA,425,30.0,27.74,2.59,19.65,4
LBE,NK,576,4.86,-4.1,2.43,0.0,1
LBF,OO,628,7.36,7.01,1.91,0.0,1
LBL,OO,566,10.04,6.52,3.53,0.0,1
LCH,OO,1010,19.42,16.15,2.28,-1.15,1
LCH,MQ,76,35.92,36.32,5.26,15.35,2
LCK,G4,958,16.18,13.19,2.51,0.0,1
LEX,YX,756,2.48,0.42,0.79,-9.11,1
LEX,9E,215,4.83,-1.7,0.0,-6.76,2
LEX,DL,1846,5.82,-5.69,1.14,-5.77,3
LEX,MQ,1018,8.72,2.24,1.47,-2.87,4
LEX,OO,1886,9.75,4.03,0.95,-1.84,5
LEX,OH,1519,11.31,6.82,0.99,-0.28,6
LEX,G4,830,23.57,21.9,2.29,11.98,7
LEX,AA,1068,26.44,24.9,2.53,14.85,8
LFT,9E,802,6.67,0.72,1.25,-9.09,1
LFT,MQ,415,13.77,9.7,1.2,-1.99,2
LFT,OO,949,14.53,8.32,1.48,-1.23,3
LFT,OH,1088,24.24,22.45,3.49,8.48,4
LFT,NK,1,73.0,59.0,0.0,57.24,5
LGA,YX,42015,3.05,-4.42,2.31,-7.39,1
LGA,9E,32064,7.07,-2.94,3.5,-3.37,2
LGA,UA,8310,9.41,2.01,2.06,-1.03,3
LGA,NK,8104,12.8,2.8,2.44,2.36,4
LGA,DL,27439,13.88,3.83,1.39,3.44,5
LGA,WN,11626,14.83,2.43,1.75,4.39,6
LGA,AA,16671,16.2,8.47,2.3,5.76,7
LGA,B6,9572,18.47,10.19,2.18,8.03,8
LGA,OO,4129,20.72,14.09,2.81,10.28,9
LGA,F9,2502,29.55,22.51,3.6,19.11,10
LGB,HA,663,1.25,-4.58,0.6,-6.1,1
LGB,OO,640,4.68,-1.0,0.0,-2.67,2
LGB,WN,15909,7.52,0.6,0.53,0.17,3
LGB,DL,438,14.21,6.47,0.68,6.86,4
LIH,WN,3342,-0.18,-6.9,0.12,-3.6,1
LIH,DL,732,1.37,-10.74,1.5,-2.05,2
LIH,HA,8769,3.13,2.11,1.32,-0.29,3
LIH,UA,1250,3.37,-7.19,0.48,-0.05,4
LIH,AA,751,11.01,0.57,0.0,7.59,5
LIH,AS,1113,12.83,5.56,0.99,9.41,6
LIT,DL,2031,3.99,-3.25,0.64,-8.36,1
LIT,YX,465,4.86,1.11,1.29,-7.49,2
LIT,F9,112,7.45,6.0,1.79,-4.9,3
LIT,WN,2569,7.66,0.48,0.27,-4.69,4
LIT,OO,1929,11.84,9.17,1.5,-0.51,5
LIT,9E,285,12.11,8.09,1.4,-0.24,6
LIT,MQ,3625,14.35,12.64,1.08,2.0,7
LIT,OH,762,27.32,22.1,1.97,14.97,8
LIT,AA,760,29.1,28.09,1.84,16.75,9
LIT,G4,119,35.28,31.48,0.84,22.93,10
LNK,YX,37,9.49,4.27,2.7,-3.68,1
LNK,OO,1826,13.24,7.39,0.66,0.07,2
LRD,OO,65,8.92,8.54,0.0,-4.57,1
LRD,MQ,1596,12.89,11.32,1.63,-0.6,2
LRD,G4,134,22.79,19.46,1.49,9.3,3
LSE,MQ,332,10.08,7.14,1.81,0.0,1
LWS,OO,1097,11.22,7.21,0.55,0.0,1
MAF,UA,49,-1.24,-0.12,2.04,-10.94,1
MAF,WN,3675,8.36,3.32,1.01,-1.34,2
MAF,OO,3199,9.78,5.89,1.13,0.08,3
MAF,MQ,2558,11.74,9.38,2.03,2.04,4
MBS,9E,96,-1.47,-4.93,0.0,-15.25,1
MBS,OO,2114,14.47,10.61,1.47,0.69,2
MCI,AS,775,-0.06,-1.73,1.03,-9.53,1
MCI,DL,7081,4.71,-1.83,0.75,-4.76,2
MCI,UA,3707,4.74,1.76,1.4,-4.73,3
MCI,YX,1722,4.79,1.87,1.8,-4.68,4
MCI,MQ,1227,6.96,2.42,1.3,-2.51,5
MCI,WN,24098,9.51,3.43,0.89,0.04,6
MCI,OO,1121,10.71,7.74,1.78,1.24,7
MCI,F9,387,11.8,11.49,1.03,2.33,8
MCI,9E,1241,11.98,6.19,4.19,2.51,9
MCI,G4,224,13.63,11.2,2.23,4.16,10
MCI,NK,1815,14.71,6.53,2.31,5.24,11
MCI,AA,5810,16.83,15.02,1.38,7.36,12
MCI,OH,497,23.72,19.35,2.62,14.25,13
MCI,B6,164,28.85,28.26,0.61,19.38,14
MCO,UA,13840,13.26,7.28,2.81,-2.42,1
MCO,F9,17916,13.52,9.11,2.19,-2.16,2
MCO,NK,22923,14.69,9.54,1.79,-0.99,3
MCO,WN,44868,14.88,9.21,1.46,-0.8,4
MCO,AS,2641,15.56,12.73,3.86,-0.12,5
MCO,DL,21767,15.58,10.0,1.49,-0.1,6
MCO,AA,18033,18.52,14.62,1.91,2.84,7
MCO,B6,17335,20.19,14.24,1.65,4.51,8
MCO,G4,230,29.87,28.44,2.61,14.19,9
MCW,OO,627,23.82,20.48,3.67,0.0,1
MDT,YX,283,-1.94,-12.26,1.06,-15.13,1
MDT,UA,402,7.06,4.24,1.0,-6.13,2
MDT,DL,771,7.5,-2.85,0.78,-5.69,3
MDT,9E,289,8.71,-2.29,1.04,-4.48,4
MDT,OH,656,11.96,7.77,0.76,-1.23,5
MDT,OO,922,13.64,7.69,1.08,0.45,6
MDT,G4,907,17.34,11.27,1.87,4.15,7
MDT,AA,1057,20.8,16.69,1.14,7.61,8
MDT,F9,80,26.11,19.51,2.5,12.92,9
MDW,DL,1544,9.27,1.19,0.78,-3.49,1
MDW,WN,71835,12.35,5.65,1.12,-0.41,2
MDW,OO,1982,13.95,9.91,0.71,1.19,3
MDW,F9,3828,20.28,14.25,2.43,7.52,4
MDW,G4,444,20.65,17.46,1.8,7.89,5
MEI,OO,627,12.78,10.45,3.03,0.0,1
MEM,DL,4429,5.54,-1.8,1.13,-5.23,1
MEM,YX,3020,5.95,-0.17,1.52,-4.82,2
MEM,9E,1064,6.75,0.29,2.63,-4.02,3
MEM,UA,1526,7.09,3.21,1.57,-3.68,4
MEM,MQ,1587,7.78,2.83,1.01,-2.99,5
MEM,WN,3557,12.25,5.88,0.65,1.48,6
MEM,OH,756,12.59,7.63,0.93,1.82,7
MEM,NK,940,13.03,2.6,1.6,2.26,8
MEM,OO,762,14.33,9.93,2.1,3.56,9
MEM,F9,171,15.26,13.92,0.58,4.49,10
MEM,AA,4311,18.85,15.42,1.72,8.08,11
MEM,G4,501,21.43,15.71,1.2,10.66,12
MFE,UA,564,3.32,-1.89,3.55,-11.73,1
MFE,MQ,779,9.77,8.53,1.67,-5.28,2
MFE,G4,488,13.1,6.77,0.61,-1.95,3
MFE,OO,1037,17.08,15.13,0.87,2.03,4
MFE,AA,1816,20.32,18.61,2.26,5.27,5
MFR,OO,2857,7.48,2.84,0.95,-3.23,1
MFR,UA,1191,13.49,6.54,1.01,2.78,2
MFR,G4,321,29.11,26.63,1.87,18.4,3
MGM,MQ,577,7.65,2.11,0.52,-6.66,1
MGM,9E,922,10.19,4.86,0.65,-4.12,2
MGM,OO,630,20.67,15.09,1.27,6.36,3
MGM,OH,498,21.62,19.31,4.42,7.31,4
MGW,OO,37,72.62,69.05,0.0,0.0,1
MHK,OO,2,3.0,-13.5,0.0,-4.31,1
MHK,MQ,979,7.32,-3.35,1.63,0.01,2
MHT,YX,66,0.67,-1.36,1.52,-9.26,1
MHT,MQ,295,2.57,0.79,0.68,-7.36,2
MHT,WN,2717,7.23,-1.08,0.48,-2.7,3
MHT,OH,2324,12.67,7.23,1.76,2.74,4
MHT,AA,121,24.55,18.3,0.0,14.62,5
MHT,NK,127,25.28,13.75,3.94,15.35,6
MIA,MQ,14015,7.4,4.77,1.48,-11.89,1
MIA,YX,619,11.23,4.1,1.94,-8.06,2
MIA,NK,5631,12.47,7.33,1.81,-6.82,3
MIA,AS,534,14.28,10.76,5.43,-5.01,4
MIA,WN,5740,15.67,11.97,1.43,-3.62,5
MIA,UA,6393,17.18,12.56,2.8,-2.11,6
MIA,F9,3796,18.42,15.45,2.5,-0.87,7
MIA,DL,11416,19.43,13.32,1.14,0.14,8
MIA,AA,59884,23.25,17.06,1.67,3.96,9
MIA,B6,1901,25.57,21.8,2.21,6.28,10
MIA,9E,15,29.53,35.53,0.0,10.24,11
MKE,AS,472,1.63,-3.38,0.85,-9.2,1
MKE,YX,1854,6.22,-0.02,2.64,-4.61,2
MKE,DL,4341,6.86,0.37,0.92,-3.97,3
MKE,NK,778,7.86,0.08,2.19,-2.97,4
MKE,WN,9633,7.91,1.07,1.01,-2.92,5
MKE,UA,668,11.0,4.5,1.2,0.17,6
MKE,OO,5204,13.35,8.48,1.63,2.52,7
MKE,9E,906,13.79,7.6,2.43,2.96,8
MKE,OH,997,13.83,13.79,1.81,3.0,9
MKE,F9,530,13.85,6.43,1.51,3.02,10
MKE,B6,536,16.33,11.46,1.12,5.5,11
MKE,AA,2718,24.0,19.78,1.69,13.17,12
MKE,MQ,57,34.56,-2.28,3.51,23.73,13
MLB,DL,1392,3.57,-2.33,1.01,-2.35,1
MLB,G4,262,6.81,0.55,2.29,0.89,2
MLB,OH,1159,8.53,6.8,1.98,2.61,3
MLI,9E,728,8.21,2.42,2.06,-5.11,1
MLI,MQ,790,11.19,2.99,2.15,-2.13,2
MLI,OH,721,12.3,10.09,1.94,-1.02,3
MLI,G4,466,15.84,9.52,1.07,2.52,4
MLI,OO,1577,16.47,13.58,2.16,3.15,5
MLU,9E,869,10.58,7.06,0.81,-1.0,1
MLU,OO,211,11.91,11.97,0.95,0.33,2
MLU,MQ,944,12.42,8.6,1.8,0.84,3
MOB,DL,572,4.01,-2.07,1.4,-4.99,1
MOB,9E,770,4.43,-0.21,0.91,-4.57,2
MOB,MQ,1045,9.53,7.07,1.91,0.53,3
MOB,OO,192,24.41,19.14,0.0,15.41,4
MOB,OH,25,124.04,119.68,8.0,115.04,5
MOT,G4,376,14.19,6.87,1.06,-0.15,1
MOT,OO,2000,14.36,9.92,1.55,0.02,2
MQT,9E,121,-1.78,-13.91,2.48,-12.79,1
MQT,OO,245,8.11,3.24,1.63,-2.9,2
MQT,MQ,481,15.71,11.48,0.42,4.7,3
MRY,MQ,477,4.85,1.99,0.42,-6.33,1
MRY,OO,3456,7.76,5.76,0.87,-3.42,2
MRY,AA,649,27.71,24.43,1.39,16.53,3
MRY,G4,106,49.85,50.63,0.94,38.67,4
MSN,YX,1212,1.82,-3.16,0.99,-10.4,1
MSN,DL,1924,5.36,-2.45,1.04,-6.86,2
MSN,9E,754,6.09,-0.29,2.25,-6.13,3
MSN,UA,1523,7.66,5.41,1.31,-4.56,4
MSN,MQ,671,11.81,12.05,1.94,-0.41,5
MSN,OH,1091,11.91,10.58,1.01,-0.31,6
MSN,OO,2229,13.87,10.77,1.48,1.65,7
MSN,F9,312,17.82,10.96,1.92,5.6,8
MSN,AA,2073,27.94,23.85,1.21,15.72,9
MSO,OO,1139,7.06,4.16,0.79,-4.89,1
MSO,DL,731,8.59,3.83,1.09,-3.36,2
MSO,MQ,348,11.3,9.31,0.86,-0.65,3
MSO,UA,1041,12.42,5.47,1.83,0.47,4
MSO,F9,117,13.08,14.85,2.56,1.13,5
MSO,AS,249,15.09,5.7,0.0,3.14,6
MSO,AA,232,17.0,11.24,0.43,5.05,7
MSO,G4,313,30.05,28.84,1.92,18.1,8
MSP,9E,7555,6.88,3.11,0.81,-3.12,1
MSP,AS,1050,7.46,1.79,1.43,-2.54,2
MSP,YX,1208,7.69,3.57,1.74,-2.31,3
MSP,UA,5410,8.4,3.84,1.37,-1.6,4
MSP,DL,69402,8.77,1.99,0.83,-1.23,5
MSP,WN,7297,9.14,1.64,0.7,-0.86,6
MSP,MQ,898,10.39,8.81,0.78,0.39,7
MSP,OO,25134,12.57,7.38,0.74,2.57,8
MSP,NK,1181,13.77,10.83,1.1,3.77,9
MSP,AA,4698,15.86,10.17,1.36,5.86,10
MSP,G4,271,15.89,5.15,0.37,5.89,11
MSP,F9,1676,18.98,15.68,1.97,8.98,12
MSP,OH,675,22.66,21.69,2.37,12.66,13
MSP,B6,324,34.64,30.1,1.54,24.64,14
MSY,9E,2,-7.0,-27.5,0.0,-20.98,1
MSY,MQ,1075,9.03,6.34,1.67,-4.95,2
MSY,YX,605,9.54,4.45,0.66,-4.44,3
MSY,UA,6525,9.87,4.5,2.15,-4.11,4
MSY,AS,702,10.37,5.59,0.71,-3.61,5
MSY,DL,7243,11.22,3.96,0.95,-2.76,6
MSY,OO,322,11.5,6.75,3.42,-2.48,7
MSY,WN,18753,13.28,8.43,0.99,-0.7,8
MSY,NK,5229,13.51,7.27,2.1,-0.47,9
MSY,OH,659,14.95,7.88,2.28,0.97,10
MSY,F9,855,20.02,17.07,4.09,6.04,11
MSY,AA,6759,21.43,18.87,1.6,7.45,12
MSY,B6,1354,25.57,18.85,1.77,11.59,13
MSY,G4,90,31.83,28.27,1.11,17.85,14
MTJ,DL,103,5.43,-0.68,0.0,-6.98,1
MTJ,UA,847,8.49,-0.71,1.3,-3.92,2
MTJ,WN,623,10.9,4.16,0.16,-1.51,3
MTJ,OO,717,11.74,5.87,1.67,-0.67,4
MTJ,MQ,62,15.56,15.92,3.23,3.15,5
MTJ,AA,504,22.83,20.81,0.2,10.42,6
MVY,YX,536,15.07,14.44,4.29,-4.27,1
MVY,B6,517,20.41,19.61,5.61,1.07,2
MVY,MQ,22,98.14,103.64,0.0,78.8,3
MYR,OO,32,-0.91,-7.75,0.0,-10.61,1
MYR,DL,2042,2.39,-3.94,1.03,-7.31,2
MYR,9E,547,6.6,-1.73,2.38,-3.1,3
MYR,WN,2356,7.99,1.7,0.64,-1.71,4
MYR,YX,616,8.04,0.74,3.73,-1.66,5
MYR,MQ,385,9.46,5.57,1.04,-0.24,6
MYR,UA,282,9.72,0.39,1.42,0.02,7
MYR,NK,4787,9.76,4.73,2.55,0.06,8
MYR,OH,2251,10.78,6.93,1.82,1.08,9
MYR,AA,1169,13.96,10.89,1.97,4.26,10
MYR,G4,1129,18.35,17.08,3.01,8.65,11
MYR,F9,414,20.88,19.0,6.28,11.18,12
OAJ,DL,304,3.33,-2.17,1.32,-7.14,1
OAJ,9E,548,7.9,0.57,0.0,-2.57,2
OAJ,OH,945,14.26,11.54,1.8,3.79,3
OAK,HA,1010,-1.2,-2.84,1.98,-9.69,1
OAK,OO,1350,2.1,-1.7,0.3,-6.39,2
OAK,G4,156,2.63,2.86,1.28,-5.86,3
OAK,AS,726,4.24,-2.51,2.34,-4.25,4
OAK,DL,567,5.13,-3.8,1.41,-3.36,5
OAK,NK,2863,8.92,4.84,1.92,0.43,6
OAK,WN,34697,9.15,2.11,0.52,0.66,7
OGG,WN,6684,0.09,-6.01,0.51,-3.73,1
OGG,UA,1868,3.85,-8.18,1.02,0.03,2
OGG,HA,13588,4.11,2.59,0.93,0.29,3
OGG,DL,1021,8.29,-3.7,1.18,4.47,4
OGG,AA,1260,8.31,-1.35,0.4,4.49,5
OGG,AS,2122,8.92,2.15,3.58,5.1,6
OKC,DL,1724,2.44,-5.58,0.87,-6.58,1
OKC,AS,347,4.51,5.21,2.31,-4.51,2
OKC,YX,956,6.3,1.77,1.57,-2.72,3
OKC,F9,464,6.53,0.57,1.51,-2.49,4
OKC,MQ,2128,7.65,4.14,1.88,-1.37,5
OKC,WN,7282,7.81,2.4,0.6,-1.21,6
OKC,OO,6690,8.72,5.1,0.64,-0.3,7
OKC,G4,154,13.84,11.76,0.65,4.82,8
OKC,UA,30,16.13,17.83,0.0,7.11,9
OKC,AA,2708,18.06,16.07,1.85,9.04,10
OKC,OH,307,24.93,21.75,1.95,15.91,11
OKC,9E,4,36.75,39.0,0.0,27.73,12
OMA,YX,1045,3.79,0.48,1.44,-7.38,1
OMA,AS,470,5.48,2.78,1.49,-5.69,2
OMA,MQ,547,6.28,3.17,1.28,-4.89,3
OMA,DL,1902,7.5,-1.22,1.0,-3.67,4
OMA,9E,497,9.47,4.86,3.02,-1.7,5
OMA,UA,2890,10.29,7.86,1.59,-0.88,6
OMA,WN,7854,10.76,3.93,1.03,-0.41,7
OMA,OO,4308,11.0,7.12,0.84,-0.17,8
OMA,G4,556,13.97,9.71,2.16,2.8,9
OMA,AA,3170,17.4,12.63,1.29,6.23,10
OMA,OH,91,20.62,19.8,1.1,9.45,11
OMA,F9,436,23.11,22.67,1.83,11.94,12
OME,AS,365,-0.9,3.24,3.56,0.0,1
ONT,MQ,66,-4.27,-8.71,0.0,-13.14,1
ONT,AS,1414,3.63,0.37,2.4,-5.24,2
ONT,DL,1840,4.42,-5.82,0.92,-4.45,3
ONT,OO,2709,5.41,2.66,0.41,-3.46,4
ONT,UA,1437,6.58,-1.49,0.84,-2.29,5
ONT,WN,11100,7.58,0.14,0.35,-1.29,6
ONT,HA,368,7.86,6.27,0.54,-1.01,7
ONT,F9,3505,14.64,12.05,2.03,5.77,8
ONT,B6,300,14.81,4.96,2.0,5.94,9
ONT,AA,3436,15.2,9.19,1.16,6.33,10
ORD,YX,17102,4.56,-1.68,0.94,-10.49,1
ORD,WN,6793,10.16,2.88,1.59,-4.89,2
ORD,MQ,33887,10.84,7.35,1.17,-4.21,3
ORD,9E,79,11.49,10.72,1.27,-3.56,4
ORD,AS,3160,13.12,8.19,1.46,-1.93,5
ORD,UA,89830,13.37,7.03,1.32,-1.68,6
ORD,DL,10994,15.01,7.94,1.12,-0.04,7
ORD,OO,53807,16.67,12.16,1.74,1.62,8
ORD,NK,8500,21.26,13.16,1.79,6.21,9
ORD,AA,51995,21.37,16.74,1.1,6.32,10
ORD,B6,1245,23.86,18.95,1.77,8.81,11
ORD,F9,2660,27.45,28.08,3.01,12.4,12
ORF,YX,2802,4.95,1.6,2.43,-7.5,1
ORF,UA,2330,8.56,3.13,2.1,-3.89,2
ORF,MQ,420,8.79,4.29,0.71,-3.66,3
ORF,OH,3108,9.52,6.09,1.09,-2.93,4
ORF,WN,3155,11.01,4.23,0.35,-1.44,5
ORF,9E,2197,11.89,6.38,2.73,-0.56,6
ORF,DL,2443,13.01,6.29,1.02,0.56,7
ORF,AA,2881,21.32,15.35,2.01,8.87,8
ORF,NK,952,21.71,13.33,3.05,9.26,9
ORF,G4,227,23.69,22.59,3.52,11.24,10
ORF,OO,348,24.61,20.64,0.57,12.16,11
ORF,F9,257,28.21,29.41,4.67,15.76,12
ORH,YX,360,-0.18,-5.96,5.0,-15.8,1
ORH,9E,299,15.29,9.68,5.02,-0.33,2
ORH,B6,745,23.39,13.6,1.88,7.77,3
OTH,OO,345,34.94,29.28,1.16,0.0,1
OTZ,AS,366,-2.17,-1.14,6.01,0.0,1
PAE,AS,1071,2.23,-1.19,2.99,0.0,1
PBG,G4,501,26.57,20.95,3.99,0.0,1
PBI,YX,16,-4.81,-6.88,0.0,-21.41,1
PBI,NK,461,7.54,1.46,1.74,-9.06,2
PBI,WN,2584,10.41,5.28,0.77,-6.19,3
PBI,DL,7098,13.74,8.02,1.35,-2.86,4
PBI,G4,377,15.79,13.97,1.59,-0.81,5
PBI,B6,8566,16.31,10.8,1.56,-0.29,6
PBI,UA,3534,16.52,9.81,3.28,-0.08,7
PBI,AA,6008,22.38,19.65,1.8,5.78,8
PBI,F9,832,27.56,23.38,3.25,10.96,9
PDX,MQ,47,-4.36,-10.81,0.0,-12.43,1
PDX,AS,16983,4.83,3.53,2.08,-3.24,2
PDX,OO,10637,5.07,3.82,0.58,-3.0,3
PDX,DL,7171,5.93,-2.51,0.84,-2.14,4
PDX,G4,330,7.75,2.71,0.0,-0.32,5
PDX,WN,9565,9.12,2.91,0.49,1.05,6
PDX,UA,6626,10.09,3.43,1.4,2.02,7
PDX,HA,736,12.93,9.18,0.68,4.86,8
PDX,NK,1717,14.13,7.63,2.04,6.06,9
PDX,F9,1765,16.84,16.18,2.32,8.77,10
PDX,AA,3794,19.22,12.11,1.48,11.15,11
PDX,B6,213,45.12,38.89,0.94,37.05,12
PGD,G4,6337,11.43,8.09,1.81,0.0,1
PHL,YX,8788,3.2,-1.79,1.83,-11.69,1
PHL,B6,1080,5.91,0.4,1.67,-8.98,2
PHL,9E,150,6.35,-2.3,0.0,-8.54,3
PHL,UA,4040,8.28,0.41,1.24,-6.61,4
PHL,AS,633,10.61,8.38,1.42,-4.28,5
PHL,DL,5954,11.13,1.73,0.91,-3.76,6
PHL,OH,12413,12.84,8.36,1.44,-2.05,7
PHL,WN,5000,13.92,5.85,0.64,-0.97,8
PHL,NK,4910,15.13,5.38,1.93,0.24,9
PHL,AA,45611,17.75,10.97,1.67,2.86,10
PHL,F9,11862,20.1,15.02,2.68,5.21,11
PHL,OO,194,24.26,16.15,1.03,9.37,12
PHX,AS,5016,4.68,3.78,1.93,-6.21,1
PHX,MQ,8318,4.8,0.27,0.3,-6.09,2
PHX,OO,25385,5.07,1.94,0.23,-5.82,3
PHX,HA,366,8.16,5.55,0.27,-2.73,4
PHX,DL,10576,8.62,0.39,0.68,-2.27,5
PHX,UA,10269,8.62,1.67,1.61,-2.27,6
PHX,WN,66351,12.04,5.15,0.46,1.15,7
PHX,F9,9540,12.81,9.73,1.19,1.92,8
PHX,AA,55209,13.59,8.28,0.55,2.7,9
PHX,G4,430,15.46,12.22,0.93,4.57,10
PHX,NK,1142,18.3,15.12,2.1,7.41,11
PHX,B6,949,35.52,28.58,1.16,24.63,12
PIA,G4,1088,8.05,3.82,1.84,-6.26,1
PIA,OH,941,14.82,13.37,1.49,0.51,2
PIA,OO,1096,17.86,13.35,1.92,3.55,3
PIA,MQ,619,18.27,10.81,1.29,3.96,4
PIB,OO,627,12.94,7.9,2.87,0.0,1
PIE,G4,8303,9.85,7.14,2.63,0.0,1
PIH,OO,700,-3.08,-9.15,0.0,0.0,1
PIT,YX,9662,0.13,-5.52,1.29,-8.91,1
PIT,AS,470,3.67,-3.51,2.55,-5.37,2
PIT,DL,3404,5.53,-1.94,0.85,-3.51,3
PIT,OO,908,6.53,0.11,0.33,-2.51,4
PIT,MQ,694,7.95,3.18,1.15,-1.09,5
PIT,B6,1195,8.13,5.39,1.76,-0.91,6
PIT,UA,3037,9.64,4.35,0.95,0.6,7
PIT,WN,10219,9.8,3.52,0.94,0.76,8
PIT,G4,1404,10.13,6.86,2.14,1.09,9
PIT,OH,696,12.25,7.38,2.73,3.21,10
PIT,9E,1801,13.83,7.07,2.72,4.79,11
PIT,AA,6326,16.04,12.97,1.28,7.0,12
PIT,F9,537,16.63,21.91,4.1,7.59,13
PIT,NK,3478,18.99,11.71,2.88,9.95,14
PLN,OO,846,12.24,5.57,1.89,0.0,1
PNS,DL,2554,2.65,-2.88,0.74,-11.33,1
PNS,UA,693,6.14,-0.1,1.59,-7.84,2
PNS,WN,2272,6.97,0.21,0.35,-7.01,3
PNS,MQ,1521,10.51,8.05,1.38,-3.47,4
PNS,F9,414,15.07,11.82,2.17,1.09,5
PNS,NK,961,15.08,6.63,2.6,1.1,6
PNS,OH,2635,19.04,16.85,0.95,5.06,7
PNS,9E,265,22.5,16.65,1.13,8.52,8
PNS,YX,86,24.3,20.38,2.33,10.32,9
PNS,OO,177,29.01,26.34,0.0,15.03,10
PNS,AA,1786,33.57,32.6,2.46,19.59,11
PPG,HA,125,19.99,15.55,0.0,0.0,1
PQI,B6,117,6.58,1.56,0.85,0.0,1
PRC,OO,731,23.5,20.4,0.55,0.0,1
PSC,OO,4149,5.42,0.1,0.31,-0.81,1
PSC,G4,309,7.22,4.0,0.65,0.99,2
PSC,AS,373,7.28,9.39,2.14,1.05,3
PSC,DL,402,12.92,3.64,0.5,6.69,4
PSE,B6,644,7.25,0.94,2.33,-0.83,1
PSE,F9,301,9.86,7.08,1.99,1.78,2
PSG,AS,726,-0.64,-2.19,1.52,0.0,1
PSM,G4,373,16.36,8.31,2.14,0.0,1
PSP,AS,1518,3.21,0.88,3.69,-5.39,1
PSP,DL,662,6.89,-2.23,0.3,-1.71,2
PSP,MQ,118,7.15,3.97,2.54,-1.45,3
PSP,WN,2610,7.72,1.81,0.27,-0.88,4
PSP,F9,20,8.0,10.75,0.0,-0.6,5
PSP,OO,5438,8.05,6.75,0.75,-0.55,6
PSP,G4,102,9.81,5.96,0.0,1.21,7
PSP,UA,1473,10.3,3.87,0.48,1.7,8
PSP,AA,1787,14.44,10.5,1.23,5.84,9
PSP,B6,79,29.75,18.99,1.27,21.15,10
PVD,YX,1008,2.17,-4.48,0.79,-9.19,1
PVD,UA,134,8.85,6.67,1.49,-2.51,2
PVD,MQ,465,9.77,9.97,0.43,-1.59,3
PVD,B6,1594,9.8,3.11,0.88,-1.56,4
PVD,WN,4888,9.88,1.31,1.15,-1.48,5
PVD,OO,563,11.35,8.95,0.53,-0.01,6
PVD,9E,744,11.92,4.05,2.28,0.56,7
PVD,OH,1643,12.77,10.11,2.13,1.41,8
PVD,DL,1364,13.7,4.23,1.03,2.34,9
PVD,AA,2210,16.66,11.66,0.9,5.3,10
PVD,G4,237,21.36,11.78,0.42,10.0,11
PVU,G4,1878,10.81,7.04,0.48,-1.7,1
PVU,OO,309,22.83,20.65,1.29,10.32,2
PWM,YX,3581,5.6,-1.2,2.26,-7.41,1
PWM,MQ,301,6.28,4.61,0.66,-6.73,2
PWM,UA,827,6.96,3.86,1.93,-6.05,3
PWM,F9,433,11.81,2.67,5.31,-1.2,4
PWM,DL,749,11.83,3.87,1.2,-1.18,5
PWM,WN,1535,13.68,6.4,0.85,0.67,6
PWM,OH,777,15.74,10.0,1.54,2.73,7
PWM,B6,365,15.87,11.04,4.66,2.86,8
PWM,OO,440,16.41,8.46,0.68,3.4,9
PWM,9E,894,20.06,13.33,4.25,7.05,10
PWM,AA,1772,25.98,20.31,2.14,12.97,11
RAP,UA,1023,6.45,2.74,1.76,-5.71,1
RAP,G4,448,9.78,5.61,1.12,-2.38,2
RAP,MQ,1189,11.99,7.92,0.76,-0.17,3
RAP,OO,2149,13.04,5.61,1.16,0.88,4
RAP,DL,95,13.26,13.75,3.16,1.1,5
RAP,9E,197,16.04,10.37,0.0,3.88,6
RAP,AA,132,45.33,47.56,1.52,33.17,7
RDD,OO,1487,8.7,4.53,0.47,0.0,1
RDM,AS,462,4.88,9.13,2.6,-10.19,1
RDM,MQ,405,9.72,1.12,0.49,-5.35,2
RDM,OO,3823,11.41,9.98,2.04,-3.66,3
RDM,UA,1094,25.16,18.8,1.55,10.09,4
RDM,AA,132,89.52,84.78,1.52,74.45,5
RDU,YX,5645,4.98,2.8,1.45,-7.86,1
RDU,MQ,1239,6.99,3.24,1.05,-5.85,2
RDU,UA,5576,10.32,4.37,1.31,-2.52,3
RDU,WN,9005,10.36,3.33,0.56,-2.48,4
RDU,DL,11302,10.69,2.29,0.88,-2.15,5
RDU,9E,6439,13.01,7.8,2.97,0.17,6
RDU,AS,526,13.95,8.8,1.14,1.11,7
RDU,OO,1032,14.73,13.82,0.29,1.89,8
RDU,B6,3207,16.42,11.41,1.59,3.58,9
RDU,F9,4707,16.7,14.28,3.1,3.86,10
RDU,AA,11340,18.9,14.28,1.69,6.06,11
RDU,OH,860,19.21,16.31,1.4,6.37,12
RDU,NK,438,23.6,15.99,1.37,10.76,13
RFD,G4,841,20.32,14.15,1.66,0.0,1
RHI,OO,827,8.59,-2.15,0.85,0.0,1
RIC,UA,915,1.89,-2.57,1.09,-10.42,1
RIC,YX,2376,5.32,3.52,1.85,-6.99,2
RIC,MQ,223,6.75,1.21,0.45,-5.56,3
RIC,DL,2661,7.99,1.36,0.64,-4.32,4
RIC,OH,471,8.86,6.02,1.27,-3.45,5
RIC,WN,1966,9.95,2.84,0.05,-2.36,6
RIC,9E,2034,11.72,6.85,3.2,-0.59,7
RIC,B6,1781,13.57,5.45,1.18,1.26,8
RIC,OO,686,17.12,11.05,0.0,4.81,9
RIC,AA,3746,19.48,14.0,1.58,7.17,10
RIC,NK,1110,20.22,11.91,1.8,7.91,11
RIC,G4,310,28.75,19.98,1.61,16.44,12
RIW,OO,622,12.11,8.57,1.77,0.0,1
RKS,OO,623,16.8,10.81,1.12,0.0,1
RNO,AS,600,4.45,5.3,1.0,-6.02,1
RNO,OO,4276,8.3,6.48,0.68,-2.16,2
RNO,WN,8683,8.43,2.82,0.54,-2.03,3
RNO,NK,1154,8.51,4.96,1.82,-1.95,4
RNO,UA,2208,11.72,6.76,1.22,1.26,5
RNO,DL,1023,11.78,2.89,0.98,1.32,6
RNO,MQ,279,13.07,10.54,0.36,2.61,7
RNO,AA,2413,18.88,13.37,1.24,8.42,8
RNO,B6,274,37.22,33.54,2.19,26.76,9
RNO,G4,3,67.33,73.0,0.0,56.87,10
ROA,DL,438,10.64,1.02,0.91,-4.56,1
ROA,9E,956,11.45,3.68,1.88,-3.75,2
ROA,OH,249,15.1,16.82,1.2,-0.1,3
ROA,OO,748,18.51,17.01,2.14,3.31,4
ROA,YX,313,19.32,18.94,5.43,4.12,5
ROA,G4,240,22.88,20.06,3.75,7.68,6
ROC,YX,996,2.42,-3.63,1.91,-9.06,1
ROC,MQ,832,5.56,1.35,0.72,-5.92,2
ROC,OO,518,8.5,2.89,0.39,-2.98,3
ROC,UA,998,9.38,5.54,1.4,-2.1,4
ROC,9E,2686,9.52,1.33,3.35,-1.96,5
ROC,OH,719,11.34,9.4,1.25,-0.14,6
ROC,WN,1916,12.9,5.83,0.52,1.42,7
ROC,NK,499,13.68,3.58,1.6,2.2,8
ROC,DL,1075,14.47,3.23,0.93,2.99,9
ROC,B6,755,19.05,14.81,3.05,7.57,10
ROC,AA,870,20.92,17.91,1.61,9.44,11
ROC,G4,72,39.19,28.32,1.39,27.71,12
ROW,MQ,163,13.85,7.28,0.61,-8.28,1
ROW,OO,800,23.82,20.84,3.13,1.69,2
RST,YX,14,-6.86,-7.36,0.0,-18.24,1
RST,MQ,330,7.93,4.82,0.0,-3.45,2
RST,OO,828,12.67,6.4,0.97,1.29,3
RST,9E,244,12.7,8.67,2.05,1.32,4
RSW,UA,5601,7.09,1.85,3.12,-6.08,1
RSW,AS,170,7.36,3.0,4.12,-5.81,2
RSW,9E,19,7.58,5.32,0.0,-5.59,3
RSW,DL,7251,10.31,5.9,1.54,-2.86,4
RSW,WN,7420,11.42,7.42,1.91,-1.75,5
RSW,NK,2445,12.24,8.72,2.33,-0.93,6
RSW,YX,92,15.73,11.01,0.0,2.56,7
RSW,F9,2484,17.45,12.43,3.3,4.28,8
RSW,AA,5431,19.08,15.99,2.32,5.91,9
RSW,OH,33,19.45,14.64,6.06,6.28,10
RSW,MQ,89,19.93,21.84,1.12,6.76,11
RSW,B6,3836,20.28,16.46,2.58,7.11,12
SAF,OO,2806,13.13,8.27,1.5,-0.33,1
SAF,MQ,102,22.68,21.4,1.96,9.22,2
SAN,AS,10303,8.2,7.2,2.69,-4.45,1
SAN,UA,10251,8.85,3.91,2.02,-3.8,2
SAN,OO,12343,10.21,11.48,0.92,-2.44,3
SAN,DL,9475,10.48,4.37,0.69,-2.17,4
SAN,NK,2887,12.48,9.37,1.97,-0.17,5
SAN,WN,34140,13.68,8.8,0.87,1.03,6
SAN,HA,715,15.89,15.21,0.7,3.24,7
SAN,G4,174,17.46,20.11,1.15,4.81,8
SAN,AA,9211,18.88,13.52,1.18,6.23,9
SAN,B6,1766,19.0,14.04,0.28,6.35,10
SAN,F9,3380,21.07,22.03,2.13,8.42,11
SAT,UA,5617,7.64,1.99,1.73,-3.88,1
SAT,WN,16462,8.96,3.29,0.63,-2.56,2
SAT,AS,633,9.05,5.66,0.63,-2.47,3
SAT,OO,1023,9.97,7.33,0.78,-1.55,4
SAT,DL,6171,10.85,3.91,0.79,-0.67,5
SAT,YX,11,11.45,-1.45,0.0,-0.07,6
SAT,MQ,260,12.57,8.15,1.15,1.05,7
SAT,NK,2114,16.48,8.18,2.22,4.96,8
SAT,AA,8015,16.68,14.57,1.8,5.16,9
SAT,F9,703,19.22,10.77,2.56,7.7,10
SAT,B6,582,32.69,24.96,2.06,21.17,11
SAT,G4,22,74.5,74.91,0.0,62.98,12
SAV,OO,389,4.41,1.23,2.06,-7.76,1
SAV,F9,162,5.52,7.06,2.47,-6.65,2
SAV,YX,1160,6.76,0.47,0.78,-5.41,3
SAV,DL,3308,8.56,2.17,0.79,-3.61,4
SAV,MQ,972,9.09,5.15,0.82,-3.08,5
SAV,UA,1308,10.07,4.2,1.53,-2.1,6
SAV,WN,2831,10.5,5.47,0.64,-1.67,7
SAV,OH,3484,10.68,5.38,1.26,-1.49,8
SAV,9E,1865,13.64,5.65,3.75,1.47,9
SAV,G4,824,14.72,12.54,1.21,2.55,10
SAV,B6,913,15.89,11.87,1.1,3.72,11
SAV,AA,1904,27.78,20.67,2.52,15.61,12
SBA,AS,330,-0.37,-2.27,0.91,-11.87,1
SBA,MQ,293,3.77,-0.81,1.02,-7.73,2
SBA,WN,1933,7.49,1.04,1.4,-4.01,3
SBA,OO,1777,10.86,7.96,1.46,-0.64,4
SBA,DL,622,14.23,6.99,0.48,2.73,5
SBA,UA,1504,14.48,9.83,2.26,2.98,6
SBA,AA,1034,20.14,16.33,1.35,8.64,7
SBN,9E,11,-4.0,-16.45,0.0,-18.71,1
SBN,AA,2,-4.0,-15.0,0.0,-18.71,1
SBN,UA,25,7.44,0.0,0.0,-7.27,3
SBN,G4,819,10.5,4.45,1.71,-4.21,4
SBN,OH,1166,14.03,10.47,0.86,-0.68,5
SBN,OO,4597,15.71,9.23,1.65,1.0,6
SBN,YX,65,16.05,12.62,1.54,1.34,7
SBP,MQ,165,0.48,-2.88,0.0,-10.43,1
SBP,AS,62,7.23,7.19,0.0,-3.68,2
SBP,OO,3867,7.87,6.05,1.19,-3.04,3
SBP,UA,349,8.64,2.2,0.86,-2.27,4
SBP,AA,801,29.03,23.97,0.37,18.12,5
SCC,AS,570,-6.85,-8.0,3.16,0.0,1
SCE,YX,8,-3.63,-1.63,0.0,-15.13,1
SCE,OH,13,-2.15,-0.23,15.38,-13.65,2
SCE,OO,554,12.03,7.32,1.44,0.53,3
SCK,G4,515,24.5,24.56,0.39,0.0,1
SDF,YX,6273,1.21,-2.64,0.94,-8.44,1
SDF,DL,2440,4.72,-2.33,0.9,-4.93,2
SDF,WN,5086,7.28,1.11,0.77,-2.37,3
SDF,MQ,1593,10.42,7.11,1.13,0.77,4
SDF,UA,846,10.73,4.9,0.95,1.08,5
SDF,OO,1893,12.16,7.06,0.63,2.51,6
SDF,9E,173,12.36,9.65,2.31,2.71,7
SDF,NK,864,18.08,11.42,1.5,8.43,8
SDF,G4,709,19.73,15.51,1.83,10.08,9
SDF,OH,1667,20.01,17.15,1.14,10.36,10
SDF,AA,2578,24.43,22.1,2.02,14.78,11
SEA,OO,26516,6.7,4.03,0.4,-2.74,1
SEA,DL,31865,7.96,0.93,0.56,-1.48,2
SEA,AS,78143,9.13,5.99,1.54,-0.31,3
SEA,UA,9073,10.28,4.33,1.76,0.84,4
SEA,WN,8104,14.53,7.18,0.21,5.09,5
SEA,MQ,511,16.34,6.25,0.0,6.9,6
SEA,NK,949,16.54,9.07,1.05,7.1,7
SEA,AA,5595,18.96,10.42,1.54,9.52,8
SEA,F9,1460,19.46,14.42,1.99,10.02,9
SEA,HA,760,20.1,16.4,2.5,10.66,10
SEA,B6,749,21.28,13.78,0.67,11.84,11
SFB,G4,9499,12.28,9.39,1.64,0.0,1
SFO,HA,756,5.54,3.95,2.38,-8.77,1
SFO,AS,11488,10.32,6.61,2.59,-3.99,2
SFO,UA,51073,11.7,2.61,1.39,-2.61,3
SFO,OO,31724,12.83,8.03,1.35,-1.48,4
SFO,DL,12879,14.45,4.47,0.68,0.14,5
SFO,B6,4242,14.48,6.1,0.42,0.17,6
SFO,MQ,50,17.54,8.24,0.0,3.23,7
SFO,WN,7447,21.43,14.86,0.46,7.12,8
SFO,AA,10740,23.25,15.64,0.96,8.94,9
SFO,F9,4579,32.04,29.32,2.07,17.73,10
SGF,9E,636,6.64,0.72,0.47,-9.86,1
SGF,DL,402,13.15,4.34,0.5,-3.35,2
SGF,G4,852,14.13,9.87,1.29,-2.37,3
SGF,MQ,3946,14.18,10.92,1.5,-2.32,4
SGF,OO,2467,19.54,14.05,1.01,3.04,5
SGF,OH,977,28.05,26.26,0.82,11.55,6
SGU,OO,3023,5.67,0.04,0.3,0.0,1
SHR,OO,730,2.97,1.78,1.92,0.0,1
SHV,9E,1171,4.9,-1.59,1.62,-8.11,1
SHV,MQ,839,11.76,6.66,1.79,-1.25,2
SHV,OO,615,13.77,8.41,0.98,0.76,3
SHV,G4,151,15.21,10.66,1.99,2.2,4
SHV,OH,1715,18.71,16.27,2.68,5.7,5
SIT,AS,1328,-1.21,-1.46,1.51,-3.06,1
SIT,OO,93,45.53,40.8,4.3,43.68,2
SJC,HA,685,-0.37,-6.18,0.88,-6.82,1
SJC,AS,2851,2.27,-1.45,2.28,-4.18,2
SJC,OO,8601,2.44,-0.01,0.2,-4.01,3
SJC,MQ,363,2.56,-3.14,0.55,-3.89,4
SJC,UA,2151,3.9,-4.51,1.26,-2.55,5
SJC,DL,2231,4.72,-4.61,0.72,-1.73,6
SJC,WN,28619,7.47,1.37,0.52,1.02,7
SJC,F9,641,7.48,8.24,0.47,1.03,8
SJC,NK,2631,10.94,8.36,1.33,4.49,9
SJC,AA,1459,16.79,9.13,1.03,10.34,10
SJC,B6,160,38.94,26.98,1.88,32.49,11
SJT,MQ,725,11.21,9.3,1.93,-0.28,1
SJT,OO,364,12.05,11.0,2.2,0.56,2
SJU,DL,3582,8.06,4.38,0.36,-9.97,1
SJU,WN,3998,10.03,7.9,0.7,-8.0,2
SJU,UA,3129,12.76,8.95,1.5,-5.27,3
SJU,NK,4746,15.24,9.82,2.04,-2.79,4
SJU,MQ,16,18.5,17.88,0.0,0.47,5
SJU,F9,5878,21.24,19.97,2.16,3.21,6
SJU,B6,10084,23.49,14.9,1.09,5.46,7
SJU,AA,3998,23.92,22.88,0.43,5.89,8
SLC,OO,31591,4.3,-0.26,0.28,-4.88,1
SLC,MQ,143,5.97,-9.94,0.0,-3.21,2
SLC,AS,1235,6.11,3.3,1.86,-3.07,3
SLC,HA,230,6.57,-0.21,0.0,-2.61,4
SLC,DL,54163,9.7,4.03,0.62,0.52,5
SLC,WN,11977,11.64,4.82,0.35,2.46,6
SLC,UA,4090,11.73,5.79,1.61,2.55,7
SLC,NK,1269,13.4,7.07,1.1,4.22,8
SLC,F9,3171,17.34,15.01,2.11,8.16,9
SLC,AA,3854,19.43,12.86,1.48,10.25,10
SLC,B6,1524,22.23,15.56,0.72,13.05,11
SLN,OO,712,13.19,10.21,2.25,0.0,1
SMF,MQ,235,2.47,-2.86,0.0,-6.54,1
SMF,OO,8639,4.98,1.52,0.37,-4.03,2
SMF,AS,1136,5.76,3.71,1.58,-3.25,3
SMF,DL,3231,6.16,-1.63,0.74,-2.85,4
SMF,UA,3990,6.65,0.1,1.5,-2.36,5
SMF,HA,954,7.55,4.91,0.84,-1.46,6
SMF,F9,826,7.78,7.89,1.45,-1.23,7
SMF,WN,30349,9.24,3.16,0.51,0.23,8
SMF,NK,1786,12.14,9.12,1.57,3.13,9
SMF,AA,3523,18.56,11.91,1.59,9.55,10
SMF,B6,383,48.38,41.27,1.31,39.37,11
SMX,G4,106,40.51,39.3,0.0,0.0,1
SNA,AS,4115,2.08,0.29,1.22,-8.4,1
SNA,NK,1225,6.44,4.17,1.8,-4.04,2
SNA,UA,6065,7.43,0.27,0.69,-3.05,3
SNA,WN,14471,8.29,0.41,0.67,-2.19,4
SNA,DL,4824,11.08,2.82,0.52,0.6,5
SNA,F9,1113,12.9,10.13,2.34,2.42,6
SNA,OO,4042,13.36,14.24,1.16,2.88,7
SNA,AA,6582,18.49,9.93,1.2,8.01,8
SNA,G4,1082,28.89,25.14,1.48,18.41,9
SPI,G4,107,23.55,20.59,1.87,0.0,1
SPN,UA,366,-1.21,-4.47,0.55,0.0,1
SPS,MQ,111,7.93,-0.23,0.9,-3.43,1
SPS,OO,614,11.98,7.99,1.95,0.62,2
SRQ,G4,2619,5.63,2.22,3.7,-6.76,1
SRQ,WN,4241,10.2,5.07,3.8,-2.19,2
SRQ,DL,3016,10.55,6.63,3.12,-1.84,3
SRQ,UA,1710,10.85,6.03,3.1,-1.54,4
SRQ,YX,220,11.47,12.27,3.64,-0.92,5
SRQ,OH,386,14.7,9.86,4.4,2.31,6
SRQ,B6,769,16.27,13.13,3.9,3.88,7
SRQ,MQ,17,19.82,5.94,5.88,7.43,8
SRQ,AA,2631,20.95,18.64,3.23,8.56,9
SRQ,F9,542,24.04,23.57,4.43,11.65,10
SRQ,OO,50,62.92,62.14,2.0,50.53,11
STC,G4,149,11.26,-0.68,1.34,0.0,1
STL,AS,779,4.12,-0.74,1.16,-7.54,1
STL,9E,1484,4.96,-2.61,3.5,-6.7,2
STL,YX,2057,5.25,-1.04,1.31,-6.41,3
STL,DL,5528,5.87,-0.6,0.72,-5.79,4
STL,MQ,1767,10.95,7.12,2.09,-0.71,5
STL,WN,41199,11.36,4.99,0.78,-0.3,6
STL,UA,3035,14.24,11.13,1.29,2.58,7
STL,OH,450,16.76,13.84,1.78,5.1,8
STL,OO,569,17.34,11.6,1.41,5.68,9
STL,AA,7122,17.4,15.01,1.59,5.74,10
STL,F9,1180,22.93,16.33,2.71,11.27,11
STL,NK,427,28.2,22.17,3.98,16.54,12
STS,MQ,237,7.45,3.41,0.0,-2.98,1
STS,OO,2953,7.98,9.47,0.47,-2.45,2
STS,AS,315,9.1,9.68,0.95,-1.33,3
STS,AA,183,56.05,54.3,0.55,45.62,4
STT,UA,809,4.96,1.05,0.74,-13.38,1
STT,F9,70,9.73,22.34,2.86,-8.61,2
STT,NK,1058,12.63,6.44,1.42,-5.71,3
STT,DL,885,15.1,11.04,0.68,-3.24,4
STT,B6,683,15.6,12.15,1.9,-2.74,5
STT,AA,2033,29.26,25.98,0.89,10.92,6
STX,F9,19,-0.79,8.11,0.0,-26.22,1
STX,DL,120,7.72,3.01,0.83,-17.71,2
STX,B6,20,10.75,13.55,0.0,-14.68,3
STX,NK,282,14.05,13.76,2.84,-11.38,4
STX,AA,755,33.54,33.57,0.66,8.11,5
SUN,OO,2005,9.84,5.94,1.1,0.0,1
SUX,OO,730,18.7,15.22,1.92,0.0,1
SWF,G4,425,20.62,12.6,1.65,0.0,1
SWO,MQ,161,7.04,2.76,0.62,-2.45,1
SWO,OO,569,10.18,6.56,2.46,0.69,2
SYR,YX,1577,2.51,-5.79,1.71,-7.17,1
SYR,UA,1011,4.26,-0.61,0.79,-5.42,2
SYR,9E,2008,4.36,-3.55,2.49,-5.32,3
SYR,MQ,880,5.23,-0.09,0.68,-4.45,4
SYR,DL,1227,7.2,-2.97,0.81,-2.48,5
SYR,B6,1347,11.61,7.19,2.23,1.93,6
SYR,OO,1117,11.81,6.88,1.16,2.13,7
SYR,WN,856,12.22,4.19,0.58,2.54,8
SYR,OH,478,16.88,15.43,1.05,7.2,9
SYR,F9,503,16.96,9.5,3.58,7.28,10
SYR,AA,1673,17.21,12.32,1.14,7.53,11
SYR,G4,699,20.52,11.19,1.57,10.84,12
TLH,DL,1408,1.64,-4.74,0.99,-7.59,1
TLH,B6,298,6.94,1.21,2.01,-2.29,2
TLH,9E,627,9.97,8.28,2.39,0.74,3
TLH,MQ,2811,10.15,8.53,1.64,0.92,4
TLH,YX,42,17.62,18.64,4.76,8.39,5
TLH,OH,910,17.93,15.05,2.31,8.7,6
TLH,OO,1,36.0,47.0,0.0,26.77,7
TOL,G4,375,16.81,11.21,1.07,0.0,1
TPA,YX,24,5.04,4.21,0.0,-8.97,1
TPA,NK,5865,8.29,4.92,3.0,-5.72,2
TPA,UA,8672,11.79,6.92,3.02,-2.22,3
TPA,WN,24081,12.34,7.55,2.15,-1.67,4
TPA,DL,12887,13.49,8.11,2.03,-0.52,5
TPA,F9,6645,14.92,10.99,2.81,0.91,6
TPA,MQ,1247,16.23,14.37,2.89,2.22,7
TPA,B6,5235,18.71,13.28,2.67,4.7,8
TPA,AA,12754,18.74,15.42,2.79,4.73,9
TPA,AS,1099,19.11,15.66,4.46,5.1,10
TPA,9E,8,77.63,87.63,0.0,63.62,11
TRI,9E,1131,3.52,-4.28,0.71,-5.13,1
TRI,MQ,440,4.47,-3.86,0.68,-4.18,2
TRI,DL,152,14.56,3.93,0.0,5.91,3
TRI,OH,214,16.94,7.29,1.87,8.29,4
TRI,OO,145,17.11,9.54,0.69,8.46,5
TRI,G4,166,31.2,30.39,3.61,22.55,6
TTN,F9,1798,14.57,6.83,3.28,0.0,1
TUL,UA,495,1.91,4.86,1.01,-6.74,1
TUL,YX,693,3.87,1.23,1.88,-4.78,2
TUL,DL,1416,5.05,-3.19,0.85,-3.6,3
TUL,9E,261,5.33,-1.42,0.0,-3.32,4
TUL,OO,3500,5.49,1.08,0.69,-3.16,5
TUL,MQ,1688,5.75,2.43,1.3,-2.9,6
TUL,WN,5494,6.29,0.2,0.51,-2.36,7
TUL,G4,408,16.68,10.42,0.49,8.03,8
TUL,OH,763,17.71,14.99,1.31,9.06,9
TUL,AA,2437,21.52,18.72,2.26,12.87,10
TUS,MQ,774,1.83,-0.57,0.78,-6.92,1
TUS,DL,1141,6.41,-2.41,0.7,-2.34,2
TUS,OO,7943,7.09,5.05,0.35,-1.66,3
TUS,AS,526,7.49,8.08,0.38,-1.26,4
TUS,WN,4362,8.84,2.71,0.53,0.09,5
TUS,UA,1093,11.26,3.78,0.91,2.51,6
TUS,AA,3289,14.46,11.33,1.7,5.71,7
TVC,YX,396,7.39,8.17,1.01,-7.94,1
TVC,DL,445,8.93,0.76,1.8,-6.4,2
TVC,9E,241,9.2,5.95,0.83,-6.13,3
TVC,OH,152,11.12,6.95,0.0,-4.21,4
TVC,MQ,652,11.16,6.39,0.31,-4.17,5
TVC,UA,586,12.16,10.46,1.37,-3.17,6
TVC,OO,1180,19.75,17.62,1.53,4.42,7
TVC,G4,347,24.23,14.25,2.02,8.9,8
TVC,AA,91,63.4,62.25,0.0,48.07,9
TWF,OO,700,-1.17,-6.32,0.29,0.0,1
TXK,OO,298,14.61,12.71,5.37,-2.11,1
TXK,MQ,439,18.15,16.48,1.14,1.43,2
TYR,MQ,191,14.32,9.69,1.57,-1.65,1
TYR,OO,899,16.32,11.71,3.0,0.35,2
TYS,UA,345,2.06,-4.62,0.87,-7.69,1
TYS,DL,1417,2.57,-6.71,0.92,-7.18,2
TYS,9E,2915,3.07,-4.73,1.72,-6.68,3
TYS,YX,737,6.36,3.62,1.76,-3.39,4
TYS,OO,1580,8.88,2.82,1.46,-0.87,5
TYS,MQ,1036,9.33,7.26,0.87,-0.42,6
TYS,OH,3675,10.19,7.72,1.44,0.44,7
TYS,G4,2783,13.2,9.03,1.94,3.45,8
TYS,F9,275,19.92,17.34,1.45,10.17,9
TYS,AA,1518,24.68,17.06,2.31,14.93,10
USA,G4,703,24.95,21.62,2.28,0.0,1
VCT,OO,635,16.7,10.85,2.52,0.0,1
VEL,OO,52,21.42,16.77,0.0,0.0,1
VLD,OO,60,6.38,4.95,0.0,-1.95,1
VLD,9E,721,8.49,3.79,2.36,0.16,2
VPS,YX,78,-5.24,-9.87,0.0,-18.94,1
VPS,WN,1928,8.12,2.23,0.41,-5.58,2
VPS,DL,2558,9.11,2.09,0.82,-4.59,3
VPS,G4,2331,10.95,5.97,1.5,-2.75,4
VPS,OH,718,13.27,13.58,1.95,-0.43,5
VPS,MQ,382,15.9,12.46,2.88,2.2,6
VPS,9E,21,19.33,22.38,4.76,5.63,7
VPS,AA,1881,29.53,27.67,1.44,15.83,8
WRG,AS,726,-1.2,-3.51,1.52,0.0,1
WYS,OO,313,12.08,8.09,1.28,0.0,1
XNA,DL,576,4.23,-4.65,0.52,-6.71,1
XNA,YX,810,4.77,-0.08,1.73,-6.17,2
XNA,9E,1956,6.05,0.3,0.61,-4.89,3
XNA,F9,200,7.37,6.84,0.5,-3.57,4
XNA,OO,2383,7.62,3.45,0.76,-3.32,5
XNA,UA,239,9.74,5.04,0.42,-1.2,6
XNA,MQ,5346,10.64,7.9,0.79,-0.3,7
XNA,OH,225,18.92,14.46,2.67,7.98,8
XNA,G4,854,21.01,16.24,1.05,10.07,9
XNA,AA,1285,25.32,24.84,1.09,14.38,10
XWA,OO,1972,18.12,12.18,1.57,0.0,1
YAK,AS,726,-3.16,-4.38,2.2,0.0,1
YUM,MQ,583,4.2,1.12,0.51,-4.62,1
YUM,OO,1139,11.18,8.45,0.26,2.36,2
